1SYMMETRIC STRUCTURE OF REPRESENTATION OF ENTIRE U.S. POWER NETWORK     BCSPWR10
          1181           332           849             0             0          
PSA                     5300          5300         13571             0          
(16I5)          (16I5)          (4E20.12)                                       
    1    5    7    9   11   13   15   17   19   21   23   25   27   29   31   33
   35   37   39   41   43   45   47   49   51   53   55   57   59   61   63   65
   67   69   71   73   75   77   79   81   83   85   87   89   91   93   95   97
   99  101  103  105  107  109  111  113  115  117  119  121  123  125  127  129
  131  133  135  137  139  141  143  145  147  149  151  153  155  157  159  161
  163  165  167  169  171  173  175  177  179  181  183  185  187  189  191  193
  195  197  199  201  203  205  207  209  211  213  215  217  219  221  223  225
  227  229  231  233  235  237  239  241  243  245  247  249  251  253  255  257
  259  261  263  265  267  269  271  273  275  277  279  281  283  285  287  289
  291  293  295  297  299  301  303  305  307  309  311  313  315  317  319  321
  323  325  327  329  331  333  335  337  339  341  343  345  347  349  351  353
  355  357  359  361  363  365  367  369  371  373  375  377  379  381  383  385
  387  389  391  393  395  397  399  401  403  405  407  409  411  413  415  417
  419  421  423  425  427  429  431  433  435  437  439  441  443  445  447  449
  451  453  455  457  459  461  463  465  467  469  471  473  475  477  479  481
  483  485  487  489  491  493  495  497  499  501  503  505  507  509  511  513
  515  517  519  521  523  525  527  529  531  533  535  537  539  541  543  545
  547  549  551  554  557  560  563  566  569  572  575  578  581  583  586  589
  592  595  598  601  604  607  610  613  616  618  621  624  627  630  633  636
  639  642  645  648  651  654  657  660  663  666  669  672  675  678  681  684
  687  690  693  696  699  702  705  708  711  714  717  719  721  724  727  730
  733  736  739  742  745  748  751  754  756  759  762  765  767  769  772  775
  778  779  782  785  787  790  793  796  799  802  805  808  811  814  817  820
  823  825  828  831  834  837  840  842  845  848  851  854  856  858  861  864
  867  870  873  876  879  882  885  888  891  893  896  899  902  905  908  911
  914  916  919  921  924  927  930  933  935  938  941  944  947  950  953  956
  959  962  964  967  970  973  975  978  981  984  987  989  992  995  998 1001
 1004 1007 1010 1013 1015 1018 1021 1024 1027 1030 1033 1036 1039 1042 1044 1047
 1049 1052 1055 1058 1061 1064 1067 1070 1073 1076 1079 1082 1085 1087 1090 1093
 1096 1099 1102 1105 1108 1111 1114 1117 1119 1122 1125 1127 1130 1133 1136 1139
 1142 1145 1147 1148 1150 1153 1156 1159 1161 1164 1167 1170 1173 1176 1179 1182
 1185 1188 1191 1194 1197 1199 1202 1205 1208 1211 1214 1217 1220 1223 1225 1228
 1231 1234 1237 1239 1242 1245 1248 1251 1254 1257 1260 1262 1265 1267 1269 1272
 1275 1277 1280 1283 1286 1287 1290 1293 1295 1298 1301 1304 1307 1310 1313 1316
 1319 1322 1325 1328 1331 1334 1337 1340 1343 1346 1349 1352 1355 1358 1361 1363
 1366 1369 1372 1374 1376 1378 1381 1383 1385 1388 1390 1393 1396 1398 1401 1404
 1407 1410 1412 1415 1418 1421 1423 1426 1429 1432 1434 1437 1439 1441 1444 1447
 1450 1453 1456 1459 1462 1465 1468 1471 1473 1476 1479 1482 1485 1488 1490 1492
 1495 1498 1501 1504 1507 1510 1513 1516 1519 1522 1525 1528 1531 1534 1537 1540
 1543 1546 1549 1552 1555 1558 1561 1564 1567 1570 1573 1576 1579 1582 1585 1588
 1591 1593 1595 1598 1601 1603 1606 1609 1612 1615 1618 1620 1623 1625 1628 1631
 1634 1637 1640 1643 1645 1648 1651 1654 1657 1660 1662 1665 1668 1671 1674 1677
 1680 1683 1686 1689 1692 1695 1697 1700 1703 1705 1708 1711 1714 1717 1720 1723
 1726 1729 1731 1734 1736 1739 1741 1743 1746 1749 1751 1754 1757 1760 1763 1765
 1767 1770 1773 1776 1779 1782 1785 1788 1791 1792 1795 1798 1801 1804 1807 1810
 1813 1816 1818 1821 1824 1827 1829 1832 1834 1835 1838 1841 1844 1847 1850 1853
 1856 1859 1862 1865 1868 1871 1874 1876 1879 1882 1885 1888 1890 1893 1896 1899
 1902 1905 1908 1911 1912 1915 1918 1920 1923 1926 1929 1932 1933 1936 1939 1942
 1944 1947 1950 1953 1955 1958 1961 1964 1967 1970 1973 1976 1979 1982 1985 1988
 1990 1993 1996 1999 2001 2004 2007 2009 2012 2015 2018 2021 2024 2027 2030 2033
 2035 2038 2041 2044 2047 2050 2052 2053 2056 2059 2062 2065 2068 2071 2074 2077
 2080 2083 2086 2089 2092 2095 2098 2101 2104 2105 2108 2111 2114 2116 2117 2120
 2123 2126 2129 2132 2135 2138 2141 2144 2147 2150 2153 2156 2158 2161 2164 2167
 2170 2172 2175 2178 2180 2183 2186 2189 2192 2195 2198 2200 2203 2206 2208 2211
 2214 2217 2220 2223 2226 2229 2232 2235 2238 2241 2243 2246 2249 2252 2255 2258
 2261 2263 2266 2269 2272 2275 2278 2281 2284 2287 2289 2292 2295 2298 2300 2303
 2306 2309 2311 2314 2317 2320 2323 2326 2329 2331 2333 2336 2339 2342 2344 2347
 2350 2353 2356 2359 2362 2364 2367 2369 2371 2373 2376 2379 2382 2385 2387 2390
 2392 2395 2398 2401 2404 2407 2410 2413 2415 2417 2420 2423 2426 2427 2428 2431
 2433 2436 2439 2442 2445 2448 2451 2454 2456 2459 2462 2465 2468 2471 2474 2476
 2479 2482 2485 2488 2491 2494 2497 2500 2503 2506 2509 2512 2515 2516 2519 2522
 2525 2528 2531 2534 2537 2540 2543 2545 2548 2551 2554 2557 2560 2563 2566 2569
 2571 2574 2577 2580 2583 2586 2589 2592 2595 2598 2601 2604 2607 2610 2612 2615
 2618 2621 2624 2627 2630 2633 2636 2639 2642 2645 2648 2651 2654 2657 2659 2662
 2665 2668 2671 2674 2676 2679 2681 2684 2686 2689 2692 2695 2698 2701 2704 2706
 2707 2710 2713 2716 2719 2722 2723 2726 2728 2731 2734 2737 2740 2743 2746 2749
 2752 2755 2758 2761 2764 2766 2769 2772 2775 2777 2780 2782 2784 2787 2790 2792
 2795 2798 2801 2804 2806 2809 2810 2812 2813 2816 2819 2821 2824 2827 2829 2832
 2835 2838 2841 2844 2847 2850 2853 2854 2857 2860 2862 2865 2868 2871 2874 2877
 2880 2883 2886 2889 2891 2894 2897 2900 2903 2905 2907 2908 2911 2914 2915 2917
 2920 2923 2926 2929 2932 2935 2938 2941 2944 2947 2950 2952 2955 2958 2961 2964
 2966 2969 2971 2974 2977 2980 2983 2986 2989 2992 2994 2997 3000 3003 3006 3009
 3012 3015 3018 3021 3023 3025 3028 3031 3034 3037 3040 3043 3046 3049 3051 3054
 3057 3060 3063 3066 3069 3072 3075 3078 3081 3084 3087 3090 3093 3096 3099 3102
 3105 3108 3111 3114 3117 3120 3122 3124 3126 3129 3132 3135 3138 3141 3144 3147
 3150 3153 3156 3159 3162 3165 3167 3170 3173 3176 3179 3182 3185 3188 3191 3194
 3197 3200 3203 3204 3207 3210 3213 3216 3219 3222 3225 3228 3231 3234 3237 3240
 3243 3246 3249 3252 3255 3258 3261 3264 3267 3270 3273 3276 3279 3282 3285 3288
 3291 3293 3296 3299 3302 3305 3308 3311 3314 3317 3320 3322 3325 3327 3330 3333
 3336 3339 3342 3344 3347 3349 3352 3354 3357 3360 3363 3366 3369 3371 3374 3377
 3380 3383 3386 3387 3390 3393 3396 3398 3400 3403 3406 3409 3412 3415 3418 3421
 3423 3426 3429 3431 3434 3437 3440 3443 3445 3447 3450 3453 3456 3459 3462 3465
 3468 3471 3474 3477 3480 3483 3486 3488 3491 3494 3497 3500 3501 3504 3507 3510
 3513 3516 3519 3522 3525 3528 3531 3534 3537 3540 3543 3545 3548 3551 3554 3557
 3559 3562 3565 3568 3571 3574 3577 3580 3583 3586 3588 3591 3594 3597 3600 3603
 3606 3609 3612 3615 3618 3621 3624 3627 3630 3633 3636 3639 3642 3645 3648 3651
 3654 3657 3659 3662 3663 3666 3669 3672 3675 3678 3681 3683 3686 3689 3692 3695
 3698 3701 3704 3707 3710 3713 3716 3719 3722 3725 3727 3730 3732 3735 3738 3739
 3742 3744 3747 3750 3753 3755 3757 3760 3763 3766 3769 3772 3775 3778 3781 3784
 3787 3789 3792 3795 3798 3801 3804 3806 3809 3811 3814 3817 3820 3822 3824 3827
 3830 3833 3836 3839 3842 3845 3848 3851 3854 3857 3860 3863 3866 3869 3872 3875
 3878 3881 3884 3887 3890 3893 3896 3899 3902 3905 3907 3910 3913 3916 3919 3921
 3924 3927 3929 3932 3935 3938 3941 3944 3947 3950 3953 3956 3958 3961 3964 3967
 3969 3972 3975 3978 3981 3983 3986 3989 3992 3995 3998 4001 4004 4006 4009 4012
 4015 4018 4021 4024 4027 4030 4033 4036 4039 4042 4045 4048 4051 4054 4056 4058
 4061 4064 4067 4070 4073 4076 4079 4082 4084 4087 4089 4092 4095 4098 4101 4104
 4107 4110 4113 4116 4119 4122 4125 4128 4131 4133 4136 4138 4141 4143 4146 4149
 4152 4155 4157 4160 4163 4166 4169 4172 4175 4178 4181 4184 4186 4189 4191 4194
 4196 4199 4201 4204 4207 4210 4213 4215 4218 4221 4222 4225 4227 4230 4233 4236
 4239 4242 4245 4248 4251 4254 4257 4260 4263 4265 4268 4271 4274 4277 4280 4283
 4286 4289 4292 4294 4297 4300 4303 4305 4308 4311 4313 4316 4319 4322 4325 4328
 4331 4334 4337 4340 4343 4346 4349 4352 4355 4358 4361 4364 4367 4370 4373 4375
 4377 4378 4380 4383 4386 4389 4392 4395 4398 4400 4403 4406 4409 4412 4415 4418
 4421 4424 4427 4429 4432 4435 4437 4439 4442 4445 4448 4450 4453 4456 4459 4460
 4463 4466 4468 4470 4473 4476 4479 4482 4485 4488 4491 4494 4497 4500 4503 4506
 4509 4512 4515 4517 4520 4523 4526 4527 4530 4533 4535 4538 4541 4544 4547 4549
 4552 4555 4558 4560 4563 4566 4569 4572 4575 4578 4581 4584 4587 4590 4593 4596
 4599 4602 4605 4608 4611 4613 4616 4619 4622 4623 4625 4628 4631 4634 4637 4639
 4642 4645 4648 4650 4653 4656 4659 4662 4665 4668 4671 4674 4677 4680 4683 4686
 4689 4692 4695 4697 4700 4703 4706 4708 4710 4713 4716 4719 4722 4723 4725 4728
 4731 4732 4735 4738 4741 4744 4746 4749 4752 4755 4758 4761 4764 4767 4770 4772
 4775 4778 4781 4784 4787 4788 4791 4794 4797 4800 4803 4806 4808 4811 4814 4817
 4820 4823 4826 4829 4832 4834 4837 4840 4843 4846 4849 4852 4855 4858 4861 4864
 4867 4870 4873 4876 4879 4882 4885 4888 4891 4893 4896 4899 4902 4905 4908 4911
 4914 4916 4919 4922 4924 4927 4930 4933 4936 4938 4939 4942 4945 4948 4951 4954
 4957 4960 4963 4966 4969 4972 4975 4978 4981 4984 4987 4989 4992 4995 4996 4999
 5001 5004 5007 5010 5013 5015 5018 5021 5024 5027 5030 5033 5036 5039 5041 5044
 5047 5050 5053 5054 5057 5060 5062 5065 5068 5071 5074 5077 5080 5083 5084 5087
 5090 5092 5094 5097 5100 5103 5106 5109 5112 5115 5118 5121 5124 5127 5130 5133
 5136 5139 5142 5145 5148 5151 5154 5156 5159 5162 5165 5168 5171 5174 5177 5180
 5183 5186 5189 5192 5195 5198 5201 5204 5207 5210 5213 5216 5218 5220 5222 5225
 5228 5231 5234 5237 5240 5242 5245 5248 5251 5254 5257 5260 5263 5265 5268 5271
 5274 5277 5280 5283 5286 5289 5292 5294 5297 5300 5301 5304 5307 5310 5313 5316
 5319 5321 5324 5327 5330 5333 5335 5338 5341 5343 5346 5349 5352 5355 5358 5361
 5363 5366 5369 5372 5375 5378 5381 5384 5387 5390 5393 5396 5399 5402 5403 5406
 5409 5412 5415 5418 5419 5422 5425 5428 5431 5434 5437 5440 5443 5444 5447 5450
 5453 5456 5459 5461 5464 5467 5470 5473 5475 5478 5481 5484 5487 5490 5493 5496
 5499 5502 5505 5508 5511 5513 5516 5519 5522 5525 5528 5531 5533 5536 5539 5542
 5543 5546 5549 5552 5555 5558 5561 5563 5566 5569 5571 5573 5576 5579 5582 5585
 5588 5591 5594 5597 5600 5602 5604 5607 5610 5612 5614 5617 5620 5622 5625 5628
 5631 5634 5637 5639 5642 5645 5648 5650 5653 5655 5658 5661 5664 5667 5670 5673
 5676 5679 5682 5685 5688 5691 5693 5695 5698 5701 5704 5706 5708 5711 5713 5716
 5719 5722 5724 5726 5728 5731 5734 5737 5740 5743 5746 5749 5752 5755 5758 5761
 5764 5767 5770 5772 5774 5777 5780 5783 5786 5789 5791 5794 5796 5798 5800 5802
 5805 5808 5811 5814 5817 5820 5823 5825 5828 5830 5832 5835 5837 5840 5842 5845
 5846 5849 5852 5854 5857 5859 5862 5865 5868 5869 5871 5873 5876 5878 5881 5883
 5885 5888 5891 5894 5895 5898 5901 5903 5906 5908 5911 5914 5917 5920 5922 5924
 5925 5927 5929 5932 5934 5936 5938 5940 5942 5943 5945 5947 5949 5950 5952 5953
 5955 5958 5960 5962 5964 5966 5967 5968 5971 5973 5975 5977 5979 5981 5983 5985
 5987 5988 5991 5992 5994 5996 5999 6001 6003 6005 6007 6009 6012 6015 6017 6020
 6022 6024 6027 6029 6032 6033 6035 6037 6039 6041 6043 6045 6046 6048 6050 6052
 6054 6056 6057 6060 6063 6065 6067 6069 6072 6075 6077 6078 6080 6082 6084 6086
 6088 6091 6094 6097 6099 6100 6103 6104 6106 6107 6109 6111 6112 6114 6116 6118
 6120 6121 6123 6125 6126 6129 6131 6133 6135 6137 6139 6141 6143 6146 6149 6152
 6154 6156 6158 6160 6162 6164 6166 6168 6169 6171 6172 6174 6175 6176 6179 6183
 6186 6188 6191 6194 6196 6199 6201 6204 6207 6210 6213 6215 6219 6222 6226 6230
 6233 6235 6238 6241 6245 6248 6250 6252 6256 6260 6264 6266 6269 6273 6277 6281
 6282 6284 6286 6289 6290 6294 6298 6302 6305 6309 6313 6316 6318 6322 6325 6329
 6333 6334 6337 6341 6342 6346 6350 6353 6356 6358 6361 6365 6368 6372 6375 6379
 6383 6386 6390 6393 6397 6399 6402 6403 6407 6411 6414 6417 6420 6424 6428 6431
 6434 6437 6440 6444 6447 6449 6451 6453 6456 6460 6463 6466 6469 6471 6474 6477
 6480 6484 6488 6492 6495 6499 6502 6505 6508 6512 6515 6518 6520 6524 6528 6531
 6534 6536 6540 6544 6548 6552 6556 6559 6563 6565 6569 6572 6576 6579 6582 6583
 6585 6588 6591 6594 6595 6598 6602 6606 6610 6614 6615 6619 6621 6624 6628 6632
 6635 6639 6641 6644 6647 6650 6654 6657 6660 6662 6665 6668 6671 6674 6678 6682
 6685 6689 6692 6695 6697 6701 6705 6709 6712 6715 6718 6722 6724 6728 6732 6736
 6740 6744 6748 6752 6754 6758 6761 6762 6765 6768 6771 6773 6775 6778 6782 6786
 6790 6791 6793 6795 6796 6798 6802 6806 6810 6813 6815 6818 6821 6824 6827 6830
 6834 6837 6841 6845 6849 6852 6855 6859 6863 6866 6868 6872 6874 6878 6881 6884
 6887 6891 6895 6899 6903 6906 6909 6913 6917 6920 6924 6927 6930 6934 6938 6942
 6946 6950 6953 6957 6961 6964 6967 6971 6974 6977 6979 6983 6987 6990 6992 6996
 6998 7001 7005 7008 7012 7016 7019 7022 7025 7028 7032 7036 7040 7044 7048 7051
 7055 7057 7061 7064 7067 7069 7073 7076 7079 7082 7086 7090 7093 7097 7101 7104
 7108 7111 7115 7117 7120 7123 7127 7131 7134 7137 7139 7141 7145 7146 7150 7154
 7158 7161 7163 7164 7167 7171 7175 7179 7180 7184 7188 7192 7196 7200 7204 7207
 7211 7215 7219 7223 7227 7230 7234 7237 7241 7245 7248 7250 7253 7257 7260 7264
 7268 7271 7273 7276 7280 7283 7286 7289 7292 7295 7296 7300 7304 7308 7312 7315
 7318 7322 7326 7330 7333 7335 7336 7340 7344 7347 7350 7353 7357 7360 7362 7365
 7368 7371 7374 7376 7379 7381 7384 7388 7391 7394 7398 7401 7405 7407 7410 7413
 7415 7416 7419 7422 7425 7428 7432 7436 7440 7444 7447 7451 7455 7458 7462 7466
 7470 7474 7477 7481 7484 7488 7492 7495 7499 7501 7503 7507 7510 7514 7518 7522
 7524 7528 7532 7535 7539 7541 7543 7544 7547 7551 7554 7558 7562 7565 7569 7573
 7577 7581 7583 7587 7591 7594 7597 7601 7605 7608 7612 7616 7619 7622 7626 7629
 7633 7637 7639 7642 7646 7650 7651 7655 7658 7661 7665 7669 7670 7673 7676 7680
 7683 7687 7690 7693 7695 7698 7699 7701 7705 7709 7713 7716 7719 7721 7725 7729
 7732 7736 7738 7741 7744 7748 7751 7754 7757 7761 7763 7764 7767 7769 7773 7777
 7781 7783 7784 7787 7790 7791 7793 7797 7801 7805 7809 7813 7816 7819 7823 7826
 7830 7833 7836 7840 7844 7847 7850 7854 7858 7861 7865 7867 7871 7875 7879 7881
 7884 7887 7890 7894 7898 7901 7905 7909 7911 7915 7918 7921 7924 7927 7931 7934
 7938 7941 7944 7947 7948 7950 7954 7957 7959 7963 7967 7970 7974 7978 7980 7982
 7986 7987 7990 7992 7996 7998 8002 8006 8009 8013 8016 8019 8023 8025 8029 8033
 8037 8041 8045 8048 8052 8056 8060 8063 8066 8070 8074 8078 8082 8086 8088 8092
 8096 8099 8103 8107 8109 8111 8113 8117 8120 8124 8128 8132 8136 8139 8143 8147
 8151 8154 8158 8162 8166 8168 8170 8172 8175 8179 8183 8187 8190 8192 8195 8196
 8199 8200 8202 8204 8206 8209 8213 8217 8221 8225 8229 8233 8237 8241 8244 8248
 8251 8255 8258 8261 8264 8268 8272 8275 8278 8282 8285 8288 8292 8296 8300 8304
 8307 8311 8314 8317 8319 8322 8326 8330 8334 8337 8339 8342 8346 8350 8353 8357
 8360 8364 8367 8370 8374 8378 8380 8383 8384 8388 8390 8394 8397 8401 8405 8409
 8412 8416 8420 8424 8425 8429 8433 8437 8441 8444 8448 8451 8455 8459 8461 8464
 8467 8469 8472 8475 8477 8481 8483 8484 8487 8491 8494 8496 8497 8500 8502 8506
 8510 8514 8518 8521 8525 8526 8530 8534 8536 8539 8540 8544 8545 8549 8552 8554
 8555 8559 8563 8566 8570 8574 8577 8580 8584 8587 8590 8594 8598 8601 8604 8608
 8610 8614 8616 8620 8622 8623 8627 8630 8633 8637 8641 8643 8647 8650 8652 8655
 8659 8661 8665 8669 8672 8675 8677 8681 8684 8688 8691 8695 8698 8702 8705 8707
 8711 8715 8719 8722 8725 8729 8733 8735 8739 8743 8746 8750 8753 8756 8760 8762
 8766 8770 8774 8778 8781 8785 8789 8792 8796 8800 8803 8805 8806 8809 8812 8815
 8819 8823 8827 8831 8835 8839 8843 8846 8849 8853 8856 8859 8863 8866 8869 8873
 8877 8880 8882 8886 8889 8891 8895 8898 8899 8903 8907 8908 8910 8912 8914 8917
 8920 8923 8924 8928 8932 8934 8937 8940 8943 8947 8951 8955 8957 8959 8963 8967
 8971 8973 8975 8977 8978 8981 8985 8986 8990 8993 8995 8999 9003 9007 9010 9012
 9014 9018 9022 9025 9029 9033 9036 9039 9042 9045 9047 9051 9054 9056 9057 9060
 9063 9064 9066 9067 9071 9075 9079 9080 9084 9086 9090 9093 9096 9098 9102 9106
 9110 9114 9118 9121 9124 9126 9128 9132 9136 9140 9144 9147 9149 9153 9157 9161
 9165 9168 9172 9175 9179 9183 9186 9190 9191 9195 9199 9202 9205 9206 9210 9214
 9216 9219 9223 9225 9226 9228 9232 9234 9236 9240 9241 9245 9249 9253 9257 9260
 9262 9263 9265 9268 9271 9273 9277 9278 9280 9283 9285 9289 9293 9295 9296 9299
 9302 9304 9307 9311 9315 9319 9322 9324 9326 9328 9329 9330 9333 9336 9337 9341
 9344 9346 9350 9351 9355 9357 9359 9361 9365 9369 9371 9375 9379 9382 9386 9388
 9392 9396 9400 9403 9406 9408 9410 9414 9416 9417 9420 9421 9424 9426 9429 9430
 9433 9435 9439 9442 9445 9448 9452 9455 9458 9460 9464 9467 9468 9471 9473 9475
 9479 9482 9486 9489 9491 9492 9495 9497 9499 9501 9505 9507 9510 9514 9518 9520
 9524 9526 9527 9530 9534 9538 9541 9545 9549 9553 9557 9560 9564 9566 9570 9572
 9575 9578 9582 9586 9588 9592 9594 9597 9601 9604 9608 9612 9616 9618 9622 9626
 9629 9632 9635 9638 9640 9644 9646 9649 9652 9655 9658 9661 9664 9668 9671 9674
 9678 9682 9686 9690 9694 9696 9700 9704 9708 9711 9713 9716 9720 9724 9726 9729
 9732 9736 9740 9742 9745 9747 9750 9753 9755 9756 9759 9763 9766 9769 9772 9776
 9779 9783 9787 9791 9793 9795 9798 9802 9805 9809 9813 9816 9819 9821 9823 9827
 9830 9833 9837 9838 9841 9845 9848 9850 9852 9855 9858 9860 9863 9866 9870 9873
 9874 9877 9881 9885 9888 9890 9892 9896 9898 9902 9904 9906 9909 9911 9914 9915
 9918 9919 9923 9926 9929 9931 9932 9934 9936 9938 9942 9944 9946 9949 9950 9953
 9956 9957 9960 9962 9963 9966 9967 9969 9970 9974 9977 9980 9983 9988 9991 9994
 9996 9997 999910001100041000510008100131001510017100191002110026100281003010031
10034100361003910044100451004910052100551005910062100641006710070100751007810083
10086100881009110092100951009710101101021010510106101071011110114101151012010124
10127101321013610139101411014310145101481015110154101571015810162101631016810170
10173101761017710180101821018310185101901019410197102001020210204102091021210216
10219102221022310226102281022910232102341023710240102431024510249102521025410255
10256102581026210265102691027110274102771028210286102891029010294102971029910301
10305103081031110314103171032210325103281033310335103391034110343103451034810350
10353103541035810361103651036810370103731037510377103801038410387103901039210393
10395103981040310406104101041310416104191042110423104281042910430104321043410436
10441104421044410446104491045410455104571045810462104641046710470104721047310478
10481104851048910492104931049410496105001050210503105051050710510105141051910522
10524105261053010532105341053910541105461055010553105571056010563105661056810570
10575105771058110585105881059010592105951059910602106031060610608106111061310618
10621106231062810632106361063910642106441064810651106531065610660106641066610669
10671106741067610678106801068410687106901069310695106971069810701107041070710712
10714107161071810719107221072710730107321073710742107471075010755107581076110765
10768107701077510776107791078010784107861078810790107921079410795107981080210807
10808108131081610818108201082310826108281083010832108331083610837108401084310845
10847108491085210853108541085610858108611086410867108691087210875108771088010882
10883108841088610888108901089310898109011090310905109071091010912109151091810919
10921109221092310927109281093210934109361094010943109471095110952109541095910962
10966109711097410979109821098510988109921099310995109971099911002110051100611009
11011110141101611019110231102611027110301103211035110371104011042110431104611049
11054110571105911062110641106811069110731107511076110791108011083110851108911091
11094110971110211105111081110911112111131111611118111191112411127111281113211137
11141111441114611149111521115411156111571115911163111651116711169111711117411177
11179111811118411185111861118711189111901119211194111961119811199112011120311206
11208112111121311214112181122111224112261122911234112361123811240112451124711250
11253112541125511257112601126111263112651126911272112731127511278112801128311284
11286112881128911292112961129911301113041130611308113101131511320113221132511326
11327113281133011334113351133611338113391134011342113471135011351113531135411355
11356113571135911361113621136411368113721137311376113791138211383113851138811392
11393113951139811399114021140411406114091141211414114161141711418114211142411426
11428114301143111433114371143911442114441144611448114541145511457114581146111463
11466114671147111473114751147611477114791148211484114851148811490114911149711499
11501115031150611510115111151511517115191152211524115301153211533115361154211544
11546115501155111553115541155711560115631156411565115671156911573115761157811580
11581115831158511589115901159211595115961159811599116011160211605116101161211616
11617116181161911623116261163211633116371164111643116471164911651116531165711661
11663116681166911670116721167511677116791168111683116851168711691116931169611698
11701117041170711709117101171311714117151171911721117231172711730117331173511738
11739117401174311744117461174911752117561176011762117661176711768117691177011774
11775117791178111785117871178911790117931179511797118001180211806118101181111815
11817118191182011823118251182811830118341183511836118371183911840118421184411846
11850118511185211854118561185711858118591186111862118641186811870118731187411876
11880118841188611888118911189311896118971190011906119091191311915119171192011922
11923119251192711930119341193511936119411194311945119471195011951119531195411957
11960119611196211964119661196811971119771197911981119821198311984119861198811990
11992119951199611998120001200312009120131201712021120231202512026120271202912030
12032120351203812041120421204312046120481205012055120571205812060120611206412065
12066120681207112075120761207712078120811208512087120891209312095120971209912101
12102121031210512106121071210912113121171212012123121261212712128121301213412137
12139121411214512147121491215112152121541215512157121581215912161121621216612169
12171121731217412177121781218012183121851218612187121881218912191121941219612197
12198121991220112205122081221012212122151221712219122211222212224122281223212234
12236122401224412246122481225012252122551225812262122641226512269122721227312275
12277122791228012282122841228612287122901229112295122961229812301123041230612307
12310123121231312316123181232012322123231232512328123301233412335123361233812339
12340123411234312345123461234812350123511235512358123601236612368123701237112374
12375123791238012381123821238312385123861238712391123931239412398124011240312404
12405124081240912410124131241512416124191242112422124231242712428124291243112432
12434124381244112442124431244512447124491245112454124561245812460124621246312465
12466124681246912471124731247412475124771248012482124841248512487124881248912490
12492124941249512496124981249912500125041250612507125081251112515125161251812520
12521125221252412525125271252812531125341253712539125411254312544125451254812550
12552125551255712564125671256912571125731257412575125761257812579125811258312585
12586125881259012591125941259512596125991260112603126041260512607126081260912610
12613126151261812620126211262312625126271262812631126331263512636126381264112642
12643126451264612648126501265112653126541265612657126581265912660126621266412666
12667126681266912670126711267312675126771267812679126801268112684126851268612687
12689126921269312695126961269812700127031270412706127071270812709127101271312714
12717127181272112722127241272512726127281273112733127341273612737127381273912741
12746127471274912751127541275612758127591276112762127631276412767127701277212773
12774127761277712779127841278712789127931279512796127971279812802128031280612808
12809128101281112813128141281712818128191282012822128231282512826128321283412835
12836128381283912841128421284312844128471284812849128501285312854128561285812861
12862128631286412866128681286912870128711287212873128741287512876128791288012881
12883128851288612887128881289012891128921289512896129001290112902129031290412905
12906129071290912910129111291212915129161291812919129211292412927129291293012931
12932129351293612938129401294112943129441294512946129471294812949129501295212953
12954129551295612957129581295912960129611296212964129661296712968129701297112972
12973129751297612977129781298012982129831298512986129891299012992129931299412996
12997129981299913001130031300613008130111301213013130161301813019130201302113022
13023130251302613030130311303213033130341303513036130371303813039130401304213044
13046130481305113052130531305413056130571305913062130641306513066130671306813070
13071130721307313074130751307713078130791308013081130821308413085130871308813089
13090130921309313095130981309913101131021310313105131061310813109131121311413115
13116131171311813120131211312213124131271312813129131301313413135131361313713138
13139131401314113142131441314613148131491315213154131551315613157131581315913160
13161131621316313165131661316713168131691317013171131721317413176131771317813181
13182131831318513186131871318813189131921319513197131991320113202132031320413205
13207132081320913211132121321313214132161321713218132201322113222132231322413225
13226132281322913233132351323613238132391324013241132431324413246132471324913250
13251132571325813260132611326313265132661326813269132701327113273132741327513276
13277132781327913280132811328213283132841328513286132871328813289132901329113292
13293132941329513297132981329913300133011330313304133051330613307133091331013312
13314133151331613317133181331913321133221332413325133261332713328133301333113332
13333133341333513336133371333813339133401334113342133431334413345133471334913350
13351133521335313354133551335613357133591336113362133631336413365133671336913370
13371133721337313375133771337813379133801338113384133851338613387133881338913390
13391133921339313394133951339613398133991340113402134031340413405134061340713408
13409134101341113412134131341513416134171341813420134211342213423134241342513426
13427134281343013432134331343513437134381343913442134431344513446134471344913451
13453134541345513456134571345813460134611346213463134651346613467134681347013472
13473134741347513477134791348113482134831348513486134881348913490134911349213493
13494134951349613497134991350013501135021350313504135051350613507135081350913510
13511135131351513516135171351813519135201352113522135231352413525135271352913531
13532135331353413535135361353713538135391354013542135431354413545135461354813549
13550135511355313554135551355613557135581356013561135621356313564135651356613567
1356813569135701357113572                                                       
    1 1245 2319 4939    2 3036    3 2085    4  238    5 2504    6 4079    7 2086
    8 4081    9 2186   10  936   11 2088   12 4167   13 1098   14 2126   15  239
   16  240   17 2313   18 2090   19 2167   20 1061   21 2242   22 5144   23  241
   24 1098   25  242   26 3194   27 4742   28 3871   29  243   30 5042   31 2092
   32 2093   33 2853   34  244   35  245   36 2094   37 2095   38  489   39 2096
   40 2118   41 2097   42 2098   43 2099   44 3191   45  246   46  247   47 2100
   48 2101   49 1080   50 3975   51 2117   52 1797   53 2104   54 2105   55 2106
   56 1933   57 5165   58 3184   59 5191   60 1267   61 2109   62 2223   63 2111
   64 2112   65 2113   66 2019   67 2394   68 4492   69 4985   70 1269   71 3525
   72 1654   73 4792   74 2294   75 5196   76  248   77 2118   78 2561   79 2119
   80 4075   81  249   82 2120   83 2679   84  250   85  251   86 2121   87 3157
   88 2352   89 2122   90 2552   91 5089   92  252   93 2123   94 2124   95 3101
   96 2125   97 2089   98  859   99  253  100 5289  101 2127  102 2128  103 2129
  104 2534  105 4274  106 3696  107 2130  108 3294  109 2686  110 3367  111 1277
  112  254  113 2591  114 2201  115 3200  116 3470  117  973  118  255  119 4024
  120 4791  121 4158  122 4752  123 4154  124 3927  125 2133  126  256  127 4300
  128  257  129  258  130 4555  131 3613  132 3386  133 4890  134 2781  135 3303
  136 4293  137 2134  138 2135  139  259  140 5233  141 2136  142 4417  143  260
  144  859  145 2137  146 2513  147 5232  148 4793  149 2192  150 3622  151 3927
  152 2139  153  859  154  852  155 1083  156 4476  157 3473  158  261  159 5106
  160 4018  161 3143  162 4906  163 3656  164 1545  165 2260  166  573  167 4128
  168  262  169 2443  170 2144  171 2145  172 2146  173 3722  174 2147  175 2527
  176  438  177  263  178 5083  179 3632  180 2148  181 3152  182  264  183 3291
  184  265  185 2149  186 2150  187 4901  188 2318  189 3748  190 2178  191 2489
  192 1433  193 3217  194  266  195 2152  196 5260  197  273  198  267  199 5250
  200 1166  201 3987  202 5122  203 4793  204 2155  205 3190  206  859  207 3374
  208 3374  209 2157  210 1191  211 2159  212 3538  213 3800  214 2077  215 2394
  216  268  217 5178  218 3394  219 2161  220  269  221 2162  222 2158  223 2164
  224 5250  225 2690  226 1108  227 5000  228 2166  229 4278  230 2167  231 2168
  232 2313  233 4600  234 1061  235 1659  236 3176  237  270  238 3004  239  271
  240 3190  241 4892  242 1131  243 4332  244 5242  245 4332  246  272  247 4130
  248  273  249  274  250 2013  251 2174  252 2203  253 2213  254 2177  255 2178
  256 2298  257 1690  258 2369  259 3490  260 2878  261 2515  262 1690  263 5164
  264 1833  265 1493  266 4234  267 1347  268 1078  269  764  270 3709  271 4178
  272  344  273  718  274 4676  275 2702 3561  276  285 5142  277 2707 2708  278
 5080 5142  279 4794 4795  280 4335 4512  281 3282 4130  282 3960 4652  283 3970
 3973  284 2153 3973  285 1959  286 4247 5142  287 3422 5056  288 2338 4794  289
  331 2899  290 2723 3823  291 3605 4586  292 3600 4445  293 4190 4899  294  332
 3527  295  297 3527  296 1086 3339  297 2355  298 2917 4677  299 2185 4873  300
 3960 4854  301 2186 5260  302 4479 5012  303  353 3520  304 2810 3674  305  349
  353  306 2201 2226  307  349 3902  308 3902 4947  309 3902 4948  310  760 4513
  311 4652 4854  312 3960 5267  313 3368 5103  314  729 2208  315 2183 5267  316
  764 4513  317  322 5060  318 2024 3570  319 4811 4942  320 3692 4316  321 2114
 2426  322 5059 5060  323 2019 5287  324 3960 5213  325  607 3901  326 3235 4741
  327 3557 4690  328 2091 2292  329 2537 4454  330 2343 5056  331 4773  332 2355
  333  344  356  334 3798 4298  335 2617 4443  336 2831 5148  337 3366 4273  338
 2537 4454  339 3308 3473  340 2583 4910  341 3793 4864  342 5225 5226  343 2165
 2391  344 4454  345 3085 3868  346  348 4018  347 2132 4600  348 4702  349  353
  350  380 4421  351 4018 4683  352 2621 4835  353  354 2964 4187  355 3340 4863
  356 2540  357 3191 4222  358 3880 5205  359 1115 5228  360 1108 3191  361 2389
 4305  362 3880 5224  363 3191 4924  364 3452 4864  365  369 5205  366 4600 5098
  367 2621 5098  368 1115 2231  369  722  370  403 3296  371 3691 4421  372  381
 4683  373 2391 4683  374  375 3908  375 3908  376  401 2879  377 4122 4375  378
 2701 5281  379 3307 3338  380 2391  381 4927  382 3026 4461  383 4135 4417  384
  393 3169  385 2938 4417  386 2190 2484  387 3405 5205  388 4273 4681  389 2938
 4136  390 4305 5205  391 3405 5012  392  438 2138  393 2754  394 3827 4764  395
 3570 4898  396 3815 4187  397 3341 4187  398 5000 5123  399  408 3269  400 3798
 4298  401 5300  402 2396 5100  403 2314  404  422 4009  405 3955 4802  406 3378
 5098  407  515 3627  408 4752  409 3868 4742  410 2549 4183  411 2143 4807  412
  418  573  413 3367 4018  414 2140 4526  415 4479 5232  416  852 2522  417 4906
 4907  418 2200  419 4119 4870  420  446  482  421 2508 4923  422 3656  423 2568
 4292  424 3825 4336  425  427 4498  426  472 3747  427  429  428  488 4697  429
 4498 4915  430  448  484  431 2795 4906  432  436 4928  433  825 4793  434 4083
 4913  435 2484 4449  436 3367  437  825 3378  438 2138 3659  439 3691 4927  440
 2706 3691  441 2191 2192  442 4613 4928  443 1532 4892  444 3637 5012  445 3377
 5035  446  483  447 2193 4928  448  483  449 2987 4382  450  461 2722  451 4292
 4526  452 1918 3343  453 4484 4793  454 2949 3595  455 2472 4962  456 3393 4916
  457 2508 4222  458 2705 4733  459 4222 5278  460 2074 2705  461  578  462 3961
 4475  463 2705 4270  464 2194 4868  465 2195 3646  466 2192 5013  467 4080 5225
  468 3341 5247  469  489 5123  470 3194 4892  471  475 3378  472 4909  473 3087
 3949  474  510 3554  475 4927  476 2196 2998  477  487 2663  478 2197 3035  479
 2749 2829  480 2522 4924  481 3371 4406  482  484  483  484 2850  485 3036 4270
  486 2188 2591  487  729 2663  488 4909  489 1474 5123  490 4245 5225  491  501
 5264  492 4928 5212  493 3626 5122  494 5122 5295  495 3502 3524  496 4513 5122
  497 3063 3086  498 3484 3503  499  536 3423  500 3453 5295  501 5265  502 4464
 4957  503 4301 5105  504 2838 4957  505 3853 4824  506 2406 5249  507 2489 5245
  508  653  681  509 3309 4270  510 3036  511 2693 3327  512 3139 5045  513 2205
 2401  514  520 3938  515 5287  516 3102 4606  517 4359 4685  518  523 5211  519
 3383 3508  520 3938 4728  521 3463 5121  522  525 4085  523  526  524  529 4779
  525 3322  526 5212  527 3483 4476  528  533 5053  529  567  530  533 4876  531
 2818 4289  532  565 4289  533  534 3722 4477  535  564 3990  536 3503  537 3096
 5245  538 1296 2818  539  568 5251  540 3419 3487  541 3089 3861  542 2963 5055
  543 2408 5101  544 3070 4477  545  559 4029  546 4352 4957  547 3438 4758  548
 3837 4476  549 2865 4243  550 3928 5053  551 4458 4520  552 4516 5237  553 2473
 4469  554 4274 4665  555  582 1211  556 4031 4824  557 3483 4779  558 3872 3885
  559 4385  560  563 4469  561  570 2343  562 3696 4728  563 3225  564 4758  565
 3342  566 2746 4029  567 3837  568 3716  569  641 4604  570 4599  571 4274 5121
  572 1757 1758  573 4892  574 2214 4916  575 2187 3342  576 2321 4082  577 2321
 4815  578 2201  579 2595 4442  580 2843 5103  581 2322 3334  582 3928  583  586
 2941  584  588 2361  585 2323 3392  586 2325  587  589 4877  588 2175  589  606
  590  606 2336  591  600 3345  592  830 3914  593  829 3501  594 2790 2791  595
 2327 3820  596 2328 2777  597 3167 3168  598 2329 4918  599 3447 4944  600 2069
  601 2342 3631  602 3476 5038  603 4078 4915  604 4078 4815  605 4078 4815  606
 4877  607 5271  608 2202 3810  609 2331 5228  610 3599 3914  611 2378 4438  612
 3460 4438  613 2331 4644  614 3460 4944  615  666 5238  616 2599 3521  617 2380
 3884  618  645 5265  619 3336 4915  620 2320 4915  621 3599 5228  622 2214 2466
  623 3599 4386  624 3675 4728  625 3860 4808  626 2203 2207  627  631 5123  628
  642 3002  629 4352 4353  630 3002 4540  631  830 5123  632  807 2685  633 3342
 4943  634 4449 5227  635 2841 3627  636 2758 4469  637 2611 4520  638 5123 5300
  639 1973 5265  640 4063 4540  641 2348  642 4324  643  726 2415  644 3822 4886
  645  651  646 4059 5229  647 3387 4700  648 2767 4761  649  678 5242  650 2817
 3264  651 3706  652 2198 2492  653 4643  654 1354 5208  655 1633 4245  656 3841
 4085  657 4085 4320  658  660  942  659 2070 4728  660 5184  661 2375 4254  662
 2847 4254  663 2055 2204  664 4320 5249  665 4320 5249  666 4573  667 4059 4807
  668 4256 4947  669 3347 3489  670 2754 4887  671 2847 4947  672 3750 5017  673
 3336 4944  674 4320 4957  675 4320 4957  676 2342 5042  677 2730 3336  678 4555
  679 2205 5212  680 2492 4039  681 4876  682 4039 4334  683 3589 5152  684 4254
 4334  685 3746 4946  686  688 4101  687  690  728  688 2414 4101  689  692  728
  690  696  691  694  698  692 4815  693  695 2382  694  704  695 3865  696  728
 4815  697  703 4075  698  728  699 2387 5176  700 2428 3852  701 3672 5239  702
 2206 2305  703  710  704 4815  705 2389 5224  706 2742 2943  707 2742 2944  708
 3267 4448  709  713 2170  710 4066 4075  711  713 2314  712  756 2317  713  714
 3345 5265  715 1061 4463  716 3032 3847  717 3157 4357  718 3846 4211  719 3720
 4546  720 4676 5057  721 2405 4670  722 2856  723 3914 5227  724 2538 5264  725
 3269 5205  726 5188  727 2291 2317  728 4101  729  730  756 1425  731 1425 2317
  732 4108 5213  733  759 2395  734 2405 3672  735 4644 4807  736  743 3679  737
 2945 2946  738 3637 4892  739 4176 5198  740 3910 4250  741 2584 3755  742  748
 2423  743  788  744 2424 3072  745 1565 2943  746 3834 4721  747 2180 2304  748
 3899  749 4892 5013  750 2818 4945  751 2416 4722  752 3345 5184  753 4677 4685
  754 4268 4945  755 3888 4903  756  757 2826 3637  758 2211 2998  759 4814  760
  763 4513  761  768 3072  762 4892 5234  763  764 4513  764  765 3637 4892  766
 3756 5024  767  772 3899  768 5294  769 3954 4950  770 2232 3714  771 2212 2822
  772 5287  773 3353 5234  774 2385 4357  775 4475 5004  776  785 1040  777 2385
 4357  778 2428 4010  779 1068 3833  780 4229 5102  781  784  942  782 1344 2868
  783 2315 4546  784 4675  785 1040 2800  786 3890 4076  787  791 4390  788 2945
  789 2364 3611  790  800 3166  791 5239  792 4461 5230  793 1547 5298  794 2364
 3526  795 4124 5019  796 4750 5135  797 2352 5297  798  807 4903  799 2817 4545
  800 3545  801 1634 5298  802 1249 2352  803  806 5298  804 1046 4515  805 1046
 2696  806 2176  807  808 4415 4970  809 2213 2306  810 2619 4415  811 2802 4970
  812 4695 5091  813 2215 3290  814 3627 4099  815 2215 3290  816 2215 3621  817
 2216 3290  818 3924 4722  819 4387 5071  820 4099 5287  821 3434 5030  822 2461
 3621  823 3434 5109  824  838  856  825  826 2465 4266  827 4176 4998  828  844
  849  829 4552  830  831 3446 5259  832 3912 4869  833 2467 3919  834 2372 5234
  835 2468 5029  836 5021 5029  837 3818 5009  838  856 2156  839 2451 2475  840
  844 4265  841 2372 3545  842 2217 3818  843 4299 5090  844 4265  845 2452 5090
  846  926 3896  847 2452 4563  848 1378 1417  849 3318  850 4043 5033  851 2087
 5033  852  936  853 3254 3550  854 3304 4036  855  941 2220  856 2156 2300  857
  859 1962  858  862 3811  859 5142  860 2452 4889  861  881 4415  862 2483  863
 3304 3357  864 2672 4143  865 2933 5288  866 4169 5288  867  874 2526  868 4040
 4775  869 4040 5163  870 4492 5163  871 1192 5163  872 3274 3698  873 2503 5163
  874 4251  875  898 3728  876 5014 5018  877 3811 4821  878 4424 4821  879 3008
 4821  880 2413 3293  881 3728  882 3646 4169  883 3563 4424  884 3709 4883  885
 4118 4820  886 2933 3646  887 4534 4775  888  890 4775  889  894 4054  890  937
  891 3563 4775  892 4605 5239  893  906 5164  894 3541  895 1190 5164  896 4492
 5164  897 2218 3972  898  905  899 2503 5164  900 3950 5233  901 2503 4314  902
 3500 4570  903  949 2585  904 1076 1079  905  921  906  910  907 3915 5014  908
 3153 4570  909  920 4820  910 1071  911  917 4605  912 4570 4820  913  983 4820
  914 3896 5010  915  944  959  916  919 4670  917 4459  918  928 4989  919 2509
  920 4570  921 5162  922 2073 2858  923 2221 3602  924 4988 5089  925 2218 3929
  926 5009  927 2527 4228  928 3795  929 4180 4896  930 3550 4883  931 3053 3801
  932 3439 4762  933 3271 5089  934  941 3271  935 2433 2504  936 5098  937 5164
  938 4264 4671  939 5184 5185  940 1610 3083  941  942  943 4816 5089  944 3979
  945 3468 4430  946 3264 4671  947 4483 5186  948  952  973  949 2585 5288  950
  973 1080  951 2222 2645  952 1080  953 1206 4989  954 2529 3799  955 2225 4801
  956  973  992  957 3879 5061  958 5167 5168  959 4546  960 1080 2110  961 1203
 2347  962 1203 2347  963 2225 2347  964  992 1032  965 2458 5186  966 3979 4340
  967 3445 4671  968 3757 4699  969 3660 5091  970 4483 5198  971 3660 4109  972
 4390 4544  973  974 4583 4693  975 3702 4693  976 3743 4693  977 2377 5170  978
 2458 5185  979 1028 4929  980 4836 5158  981 3778 3984  982 3358 5149  983 3795
  984 2224 4228  985 2553 4678  986 3813 5176  987 3979 4228  988 3079 3223  989
 3102 3632  990 2761 3223  991 4148 4426  992 1032  993 3994 4623  994 2971 3987
  995 4623 5159  996 3223 3976  997 5239 5268  998 3819 4597  999 4186 4544 1000
 2566 4024 1001 1006 4052 1002 3935 5173 1003 1078 4052 1004 2555 4934 1005 1022
 3776 1006 4032 1007 2376 4069 1008 3706 4483 1009 3358 5183 1010 4014 5157 1011
 3117 5222 1012 2574 3857 1013 2569 3601 1014 2574 3856 1015 2968 3775 1016 2570
 4056 1017 4145 4337 1018 3855 3856 1019 4437 4799 1020 2570 3761 1021 1065 4799
 1022 5034 1023 3164 4056 1024 1030 1095 1025 1039 5159 1026 2994 4032 1027 3761
 5220 1028 5149 1029 3994 5034 1030 1078 1031 4141 5219 1032 1083 1033 1040 3669
 1034 3092 4340 1035 1048 3937 1036 3937 4495 1037 4176 5183 1038 2227 4219 1039
 3994 1040 1041 3704 3855 1042 1067 2431 1043 3850 5096 1044 3704 3856 1045 2656
 5160 1046 1047 2904 2920 1048 4436 1049 3850 5095 1050 2227 5186 1051 4132 4849
 1052 3418 4859 1053 3616 4360 1054 2843 3694 1055 4025 4850 1056 1078 4052 1057
 2613 5153 1058 2018 3909 1059 4219 5186 1060 2163 4142 1061 4676 1062 2158 4096
 1063 2611 4982 1064 1191 5045 1065 4014 1066 4087 5153 1067 5097 1068 4076 1069
 5215 5216 1070 3175 4661 1071 5089 1072 3781 4509 1073 2664 3294 1074 2616 4068
 1075 2517 3180 1076 3302 1077 2141 2296 1078 1079 3873 1080 1081 2619 4921 1082
 2228 2618 1083 3435 1084 3294 4048 1085 2618 4614 1086 2223 1087 2091 4427 1088
 2732 4305 1089 3030 4520 1090 2513 2514 1091 2514 2516 1092 2513 2515 1093 1095
 1098 1094 2229 2513 1095 1096 2980 5217 1097 1113 2516 1098 2686 1099 2505 4179
 1100 3251 5264 1101 5217 5218 1102 3657 5216 1103 2579 4106 1104 3094 5223 1105
 3217 4614 1106 1114 3657 1107 3217 3537 1108 2508 1109 3537 3916 1110 1118 1119
 1111 2189 4333 1112 3654 4113 1113 3180 1114 4798 1115 1116 3180 4549 1117 1118
 1119 1118 1119 3763 1120 4430 5153 1121 4179 4614 1122 3186 3913 1123 3134 3898
 1124 3713 4819 1125 1131 4640 1126 4523 5218 1127 2601 4798 1128 3884 5138 1129
 1144 2652 1130 1136 1138 1131 3237 1132 4798 5218 1133 1166 3175 1134 4017 4140
 1135 2154 2219 1136 4970 1137 1146 4972 1138 4921 1139 5207 5218 1140 4818 5218
 1141 2582 4680 1142 4818 5094 1143 4108 4823 1144 2652 3936 1145 1607 1663 1146
 2654 1147 1663 2658 1148 2627 4012 1149 1607 3315 1150 4394 4396 1151 4157 4925
 1152 1156 4737 1153 4017 4403 1154 1157 3315 1155 2234 2658 1156 1162 1157 3618
 1158 4394 4397 1159 3261 3618 1160 3146 5146 1161 1219 3261 1162 3077 4737 1163
 4017 5207 1164 1219 4921 1165 3124 4819 1166 2235 1167 4113 4973 1168 3856 3857
 1169 4231 4844 1170 4138 5138 1171 4056 5221 1172 3349 4477 1173 4351 5207 1174
 2626 4675 1175 2576 4351 1176 2665 5115 1177 3637 4351 1178 4585 5185 1179 2576
 5013 1180 3704 3857 1181 4700 5102 1182 3694 5102 1183 4700 5101 1184 2456 4127
 1185 3475 4700 1186 2500 4003 1187 4314 5162 1188 4173 4939 1189 2626 3589 1190
 4171 1191 2236 1192 3728 1193 2627 4679 1194 4714 4998 1195 2237 2771 1196 4050
 4365 1197 3069 4300 1198 2333 4167 1199 2523 3803 1200 3731 4588 1201 2394 4929
 1202 2885 4458 1203 2347 4109 1204 2448 2449 1205 1347 3274 1206 3448 1207 4288
 4450 1208 4300 5165 1209 2083 3398 1210 3816 4208 1211 3928 5053 1212 2681 3045
 1213 2131 2789 1214 4179 4890 1215 3828 4890 1216 2692 4445 1217 2330 4890 1218
 3910 4553 1219 1220 1234 3499 1221 2460 4049 1222 2703 3786 1223 2625 4982 1224
 3786 4191 1225 4371 5039 1226 5009 5033 1227 2697 3210 1228 3256 3996 1229 1305
 2447 1230 3695 4833 1231 2453 3893 1232 2802 4833 1233 4176 5185 1234 3499 4255
 1235 2709 4450 1236 2108 3268 1237 2407 4179 1238 1267 4179 1239 3103 4878 1240
 2628 3552 1241 1271 1277 1242 3797 5132 1243 3693 4891 1244 2808 5117 1245 4181
 4724 1246 4290 4796 1247 2717 4131 1248 2671 3261 1249 1261 1250 1319 1413 1251
 1501 5182 1252 3869 4810 1253 1259 2448 1254 3356 5182 1255 3996 4044 1256 3612
 4857 1257 3356 4447 1258 2115 3365 1259 2447 1260 4341 4738 1261 4532 1262 3256
 3996 1263 3933 4049 1264 3303 4774 1265 3359 3510 1266 3623 4878 1267 1269 1268
 2116 4447 1269 1654 1270 2441 3365 1271 4447 1272 3365 5298 1273 4452 5175 1274
 3683 4429 1275 3595 5148 1276 1283 5298 1277 3303 1278 2404 4341 1279 1287 2404
 1280 1283 2441 1281 2441 4447 1282 1288 5297 1283 1284 2744 4062 1285 2661 2662
 1286 1339 2507 1287 4341 1288 2507 1289 3268 3933 1290 1304 3045 1291 3375 4704
 1292 2744 4062 1293 4195 4743 1294 3401 5252 1295 3716 4779 1296 3990 1297 1299
 3375 1298 1631 5176 1299 4221 1300 3665 4405 1301 5191 5192 1302 3375 4221 1303
 2632 3871 1304 2770 1305 4049 1306 2406 4743 1307 1431 4044 1308 4221 5192 1309
 4286 4765 1310 3996 5147 1311 4115 4564 1312 2238 2308 1313 1342 2173 1314 1324
 3816 1315 3933 4049 1316 4071 5240 1317 3004 4209 1318 2632 4493 1319 3356 1320
 3045 4208 1321 1324 4209 1322 4374 5183 1323 1781 3620 1324 1325 1781 2259 1326
 2506 4162 1327 2538 4319 1328 4209 4213 1329 2878 3620 1330 1380 4751 1331 2241
 4665 1332 1334 2242 1333 1687 4416 1334 2242 3929 1335 2883 3957 1336 1687 5069
 1337 2240 3957 1338 4482 5199 1339 4221 1340 2781 4332 1341 2776 4514 1342 2173
 3143 1343 2013 3004 1344 4076 1345 2681 4207 1346 2872 5106 1347 1962 3274 1348
 2743 4033 1349 2918 4538 1350 2356 4033 1351 3259 3903 1352 3331 3602 1353 1633
 5003 1354 4728 1355 2013 4209 1356 3256 3996 1357 1554 5238 1358 2941 3995 1359
 4194 4659 1360 1856 3173 1361 1380 3412 1362 2245 4246 1363 1437 2780 1364 3602
 4302 1365 4407 4687 1366 2639 5067 1367 3770 4404 1368 4519 4756 1369 2888 5037
 1370 3770 4153 1371 2691 2780 1372 3770 4153 1373 3396 4902 1374 2806 4508 1375
 2807 4637 1376 4423 5194 1377 2244 3995 1378 5009 1379 2811 4558 1380 1381 1387
 2811 1382 3443 3945 1383 2295 2303 1384 2811 4559 1385 1414 4559 1386 1404 4343
 1387 3056 1388 1391 3945 1389 1407 4015 1390 2813 4342 1391 2774 3945 1392 4607
 4650 1393 1407 2813 1394 2797 5282 1395 1438 4607 1396 1402 4607 1397 3208 3878
 1398 4430 4579 1399 3443 3945 1400 4503 4607 1401 1834 3878 1402 4178 1403 1834
 1861 1404 2797 1405 4634 4635 1406 1409 4332 1407 1408 2151 4447 1409 2369 1410
 3770 4153 1411 3268 3995 1412 3588 5296 1413 5181 1414 4015 1415 3472 4635 1416
 3056 4558 1417 3633 5009 1418 2867 4602 1419 3056 3574 1420 4456 4744 1421 4342
 4744 1422 4634 4744 1423 4007 5108 1424 3187 5117 1425 3833 1426 2995 4650 1427
 1433 4961 1428 3734 5004 1429 2881 3288 1430 3859 4610 1431 5147 1432 2246 2881
 1433 4178 1434 1437 3770 1435 2252 3943 1436 1752 2881 1437 3770 1438 4178 1439
 1580 3665 1440 2565 4601 1441 3470 4653 1442 1519 2402 1443 2850 3306 1444 3707
 4503 1445 1683 4329 1446 3707 4238 1447 2883 5106 1448 1466 5130 1449 2918 4791
 1450 2834 3978 1451 3978 4984 1452 4404 4602 1453 4013 4985 1454 3280 4404 1455
 2247 4650 1456 2412 3859 1457 1459 4714 1458 1578 4649 1459 3706 4714 1460 2893
 3307 1461 1488 5256 1462 3578 4941 1463 3929 3972 1464 2691 3770 1465 2445 2446
 1466 2859 1467 3513 5280 1468 2724 4006 1469 1471 5035 1470 2248 4252 1471 2910
 1472 1481 3670 1473 2918 4791 1474 4185 1475 2666 2999 1476 4278 5043 1477 3187
 4435 1478 1484 4045 1479 3494 4670 1480 2863 5032 1481 3410 3670 1482 1570 3829
 1483 4669 5109 1484 4036 1485 3710 4609 1486 2882 4935 1487 2833 4987 1488 4496
 1489 1766 3710 1490 2607 3595 1491 2249 3922 1492 1493 2171 1493 2171 1494 1788
 3415 1495 1788 3415 1496 1518 1528 1497 4008 5068 1498 4318 5032 1499 2171 3959
 1500 1659 2985 1501 4197 1502 5144 5145 1503 4020 4051 1504 1578 4152 1505 2739
 5239 1506 2410 4934 1507 3647 5032 1508 2678 4638 1509 4318 4662 1510 3449 4030
 1511 3412 4677 1512 4462 4880 1513 1564 2297 1514 3428 4777 1515 4182 4880 1516
 3568 5282 1517 2678 4723 1518 4723 1519 3770 1520 3964 3965 1521 2678 4041 1522
 4777 5008 1523 2627 4520 1524 1530 4238 1525 2464 4608 1526 2142 4578 1527 4419
 5269 1528 2796 1529 3767 4465 1530 4578 1531 4318 5009 1532 3975 4892 1533 3352
 3577 1534 4011 4857 1535 3313 3577 1536 4313 5010 1537 4178 4649 1538 4219 4678
 1539 1545 5233 1540 3408 5008 1541 1549 2743 1542 3575 4004 1543 4446 5144 1544
 3449 4051 1545 2349 1546 2933 5233 1547 2352 1548 1566 3977 1549 4051 1550 2743
 3449 1551 3723 5299 1552 2324 3547 1553 2356 4047 1554 4094 1555 3108 3547 1556
 1568 3959 1557 2786 5234 1558 4045 4251 1559 4229 5102 1560 2324 2326 1561 1593
 1603 1562 2326 4444 1563 4404 4601 1564 2774 1565 2936 2943 1566 3906 1567 2490
 3635 1568 4651 1569 3780 4446 1570 4669 1571 1575 4047 1572 1761 2474 1573 2604
 3475 1574 3348 3966 1575 4607 1576 1761 5116 1577 2251 4246 1578 1579 4178 4608
 1580 5119 1581 2550 4858 1582 3037 4173 1583 3494 5036 1584 4673 4940 1585 4263
 4978 1586 2958 5266 1587 3444 3867 1588 3974 4349 1589 3544 4986 1590 1627 1751
 1591 2940 4985 1592 2356 4153 1593 3959 1594 1775 4933 1595 4622 4933 1596 3163
 4933 1597 4234 4933 1598 3280 4607 1599 3510 4649 1600 3213 3918 1601 1699 4622
 1602 3043 4688 1603 3443 1604 3285 4963 1605 2233 2729 1606 2353 4293 1607 3315
 1608 2600 4065 1609 1651 4200 1610 4816 1611 3154 3589 1612 3284 4524 1613 4645
 5258 1614 4198 4882 1615 4253 4639 1616 1641 4737 1617 3074 3077 1618 4548 5254
 1619 2339 4002 1620 4630 4857 1621 3229 3287 1622 2981 5200 1623 4181 5200 1624
 2353 3622 1625 1632 2354 1626 2250 2310 1627 1751 1775 1628 3505 4640 1629 2432
 4524 1630 1655 3636 1631 5245 1632 4640 1633 1634 2352 1635 2253 4532 1636 3925
 4481 1637 2469 4532 1638 2976 4229 1639 2354 4023 1640 4072 4720 1641 1698 1642
 3219 4720 1643 3839 4023 1644 2458 4585 1645 1667 3831 1646 3968 4525 1647 3219
 5236 1648 4160 5236 1649 4160 5050 1650 5126 5239 1651 2978 1652 2784 4317 1653
 4046 5052 1654 2505 1655 5144 1656 2037 4470 1657 1666 5141 1658 2819 5101 1659
 5268 1660 4405 5119 1661 2657 3948 1662 4931 4932 1663 1664 3273 5255 1665 2254
 5256 1666 3298 1667 4550 1668 2477 4440 1669 2372 3975 1670 1717 4510 1671 4359
 4983 1672 3467 4645 1673 1717 3317 1674 3031 5255 1675 2210 3960 1676 3663 5284
 1677 3031 4089 1678 2180 2315 1679 3612 5120 1680 3317 5031 1681 4214 5035 1682
 2390 3399 1683 5286 1684 3680 5031 1685 1690 4178 1686 4653 5129 1687 1688 3956
 4594 1689 1695 5252 1690 4962 1691 5252 5253 1692 1721 5031 1693 3673 5253 1694
 3332 5131 1695 4653 1696 1721 5111 1697 3470 5251 1698 3074 4737 1699 3213 1700
 2427 4866 1701 2255 4832 1702 3054 4468 1703 1978 4659 1704 2341 3982 1705 2525
 5114 1706 2525 5114 1707 3876 5114 1708 2277 4392 1709 4648 5114 1710 3876 4285
 1711 3876 4648 1712 1747 3827 1713 2399 4581 1714 2258 3228 1715 3729 4257 1716
 1722 4857 1717 3317 1718 3163 4931 1719 1828 2243 1720 4285 5078 1721 1722 5118
 1723 1727 4114 1724 3156 5111 1725 1731 5078 1726 2439 5047 1727 2420 1728 3000
 5112 1729 3111 4405 1730 2199 3000 1731 4813 1732 2935 4307 1733 2422 4381 1734
 2689 4158 1735 2460 4659 1736 3163 4684 1737 2473 5266 1738 4158 4813 1739 4402
 4581 1740 3160 5120 1741 4196 4581 1742 4648 5111 1743 2647 2729 1744 2433 4402
 1745 4158 5111 1746 2542 5111 1747 1757 1748 3612 4630 1749 3785 5188 1750 2256
 3939 1751 4933 1752 2252 1753 2377 5171 1754 3243 5110 1755 4537 5171 1756 3132
 4346 1757 1758 3827 1759 4684 5078 1760 3980 4276 1761 1762 2257 4667 1763 4364
 5290 1764 2394 4929 1765 3243 4852 1766 4651 1767 2369 4288 1768 3505 4684 1769
 4307 5119 1770 4627 5050 1771 1918 2286 1772 4574 5050 1773 2292 5110 1774 4002
 4829 1775 2258 1776 4283 4574 1777 3219 5235 1778 3160 3170 1779 3170 4852 1780
 4852 5109 1781 1782 4077 4667 1783 2260 3871 1784 2107 4862 1785 2107 4862 1786
 3647 5031 1787 1792 3927 1788 5033 1789 2632 4667 1790 2562 4011 1791 2103 3581
 1792 1797 3927 1793 3581 4158 1794 1825 3871 1795 3581 5079 1796 4213 4666 1797
 3131 1798 2562 4224 1799 1911 4963 1800 2651 3687 1801 2243 3391 1802 1817 4224
 1803 4264 5036 1804 1933 1934 1805 2262 5062 1806 4663 5072 1807 4061 4631 1808
 2524 4123 1809 4532 5077 1810 2651 5077 1811 2181 5077 1812 3377 4400 1813 4721
 4772 1814 4410 4632 1815 3027 4874 1816 1833 5294 1817 5294 1818 2263 4666 1819
 3059 4632 1820 2556 5290 1821 4061 4306 1822 3847 4866 1823 4306 4632 1824 2264
 4663 1825 2369 1826 3351 3924 1827 3149 3549 1828 2309 1829 2596 4874 1830 3569
 4504 1831 3824 4809 1832 2992 4347 1833 2245 1834 1835 1851 4879 1836 4230 5072
 1837 4229 5045 1838 3119 4952 1839 2596 4874 1840 2596 3165 1841 3165 4494 1842
 2500 5104 1843 3215 4772 1844 3111 3170 1845 2741 2990 1846 3119 3774 1847 2593
 2741 1848 2266 4551 1849 1854 2266 1850 4307 5118 1851 3774 1852 1854 4783 1853
 2267 4696 1854 1855 2267 2597 1856 4503 1857 1872 5077 1858 1891 4788 1859 3571
 4788 1860 4788 4789 1861 4635 1862 3052 3571 1863 3571 4789 1864 2311 3879 1865
 4224 5293 1866 1870 4220 1867 4220 4782 1868 3343 5072 1869 1875 3052 1870 3493
 1871 1878 1941 1872 4494 5077 1873 1875 4562 1874 1886 1932 1875 1876 1886 1889
 1877 4307 4630 1878 2276 1879 3172 3648 1880 1890 1984 1881 4230 5072 1882 1932
 4562 1883 2935 3612 1884 4104 4562 1885 4562 4787 1886 1887 3808 4809 1888 2279
 4787 1889 1974 1890 4801 1891 2597 4788 1892 3114 4789 1893 2970 4487 1894 3493
 4789 1895 2596 4874 1896 2271 3689 1897 1902 3181 1898 2280 4789 1899 2419 4663
 1900 4224 5294 1901 2272 2280 1902 3181 5293 1903 3588 4161 1904 2736 4731 1905
 4401 4731 1906 2273 4001 1907 3165 4494 1908 3189 4689 1909 3244 4689 1910 4489
 4994 1911 4667 1912 2274 3478 1913 2962 4401 1914 2275 3209 1915 2593 4730 1916
 2226 4192 1917 3025 3588 1918 2286 3343 1919 3485 4556 1920 1926 2596 1921 2270
 4381 1922 4556 4996 1923 2048 4556 1924 3808 4227 1925 2370 4240 1926 2596 4494
 1927 4224 4550 1928 4401 4689 1929 3478 5072 1930 4168 4730 1931 4074 4401 1932
 1974 1933 3215 1934 3215 1935 3012 4241 1936 3012 4769 1937 3668 4527 1938 2048
 4994 1939 1977 4995 1940 2268 4556 1941 3052 1942 1949 4786 1943 3218 4551 1944
 3181 4550 1945 3479 4489 1946 1949 3218 1947 4168 4786 1948 2261 4786 1949 4786
 1950 3080 4696 1951 2277 2948 1952 4708 4994 1953 4369 4963 1954 2363 4710 1955
 2009 4660 1956 4011 4550 1957 3630 4304 1958 2269 4660 1959 1962 1960 1969 4168
 1961 4377 4378 1962 1963 4224 5294 1964 2804 4180 1965 4224 5293 1966 2736 4168
 1967 2279 2312 1968 2278 2788 1969 4770 1970 2312 2837 1971 2048 4994 1972 4489
 4993 1973 1995 5265 1974 1984 1975 4003 4391 1976 3538 4170 1977 2788 1978 3132
 4659 1979 3794 4782 1980 2544 4951 1981 3794 4551 1982 3038 4173 1983 2284 3794
 1984 4562 1985 2004 2284 1986 2048 4556 1987 2283 4368 1988 1990 3479 1989 1998
 3012 1990 3479 4899 1991 1998 4768 1992 1994 4055 1993 2281 4768 1994 3206 4055
 1995 5265 5266 1996 2281 2289 1997 2004 2289 1998 1999 3702 5273 2000 3272 5060
 2001 2443 3310 2002 3274 4661 2003 2282 3135 2004 2005 3901 5080 2006 4247 4811
 2007 5269 5270 2008 2286 4518 2009 2948 4660 2010 3743 5274 2011 4173 4550 2012
 2960 4870 2013 2014 3698 5140 2015 4125 5060 2016 2021 2426 2017 2287 2677 2018
 3909 4905 2019 3207 2020 3343 3875 2021 2426 4993 2022 3847 4659 2023 2076 2290
 2024 4298 2025 4380 4381 2026 2533 4899 2027 4279 4899 2028 4412 5105 2029 2082
 4427 2030 2337 4443 2031 2044 4521 2032 2411 2810 2033 3188 5079 2034 3752 4729
 2035 2533 4899 2036 2337 4808 2037 2917 2038 2169 4870 2039 3283 4277 2040 2059
 3923 2041 3272 4664 2042 4190 4899 2043 2960 4190 2044 4795 2045 3699 5272 2046
 2058 3538 2047 5272 5273 2048 2049 3481 4599 2050 4190 4871 2051 3310 5273 2052
 2160 5007 2053 3310 5007 2054 3429 5007 2055 4192 2056 2338 4871 2057 2160 2659
 2058 5125 2059 2077 2060 3312 4279 2061 5126 5300 2062 3289 3512 2063 3823 4873
 2064 3429 5276 2065 3634 5063 2066 2169 4794 2067 4088 5077 2068 2960 4190 2069
 5265 2070 5209 2071 4930 5198 2072 3605 4841 2073 5089 2074 4916 2075 2288 2313
 2076 2290 4279 2077 4593 2078 2360 3188 2079 2338 4871 2080 3628 4593 2081 4425
 5083 2082 2292 4427 2083 3359 2084 4473 4766 2085 2701 3461 2086 2519 4253 2087
 5119 2088 2089 2291 2089 2291 2090 3166 5013 2091 2292 4427 2092 3697 5115 2093
 4235 5108 2094 2299 5239 2095 2853 3518 2096 3768 4988 2097 3293 5233 2098 2521
 3977 2099 3772 4367 2100 2102 3527 2101 2102 3527 2102 3527 2103 4813 2104 4774
 5189 2105 2676 4762 2106 2650 3686 2107 3433 2108 3996 2109 3089 5250 2110 2294
 2111 2295 4370 2112 2682 4901 2113 3507 4704 2114 4279 2115 4774 2116 2441 2117
 2820 2821 2118 3697 5165 2119 2318 4150 2120 4099 5233 2121 3820 5209 2122 2480
 2488 2123 3217 4358 2124 3287 3622 2125 3799 5220 2126 3464 4121 2127 2577 5250
 2128 2202 4946 2129 2534 4356 2130 3969 5191 2131 5062 2132 3461 2133 2207 2466
 2134 2621 3815 2135 2694 4375 2136 2872 4286 2137 2934 4706 2138 3798 2139 2856
 4533 2140 5277 2141 2407 2142 2764 2143 5012 2144 2297 2316 2145 4209 4213 2146
 2298 4513 2147 3705 5208 2148 3194 3975 2149 2476 4901 2150 3814 4954 2151 5189
 2152 2232 2307 2153 2466 2154 4972 2155 2538 4319 2156 4234 2157 4609 4963 2158
 2686 2159 4688 5058 2160 2161 3229 5298 2162 2301 2333 2163 4001 2164 3597 4148
 2165 4702 2166 2302 4752 2167 3295 4654 2168 2179 3757 2169 2170 2317 2171 2316
 2172 4113 4576 2173 4610 2174 2209 5233 2175 4086 2176 4611 2177 4261 4828 2178
 3450 4622 2179 3757 5169 2180 2181 4663 5077 2182 3568 5284 2183 3225 2184 3363
 4722 2185 5120 2186 4169 5260 2187 3342 4944 2188 2591 5122 2189 2573 4333 2190
 5012 2191 5013 2192 2193 4484 2194 3952 2195 2413 3646 2196 5295 2197 4270 2198
 4334 2199 4158 2200 5013 2201 2202 4946 2203 2214 2204 4867 2205 2206 4076 2207
 2208 5122 2209 4059 5233 2210 5267 2211 5294 2212 2821 2213 3337 2214 2215 2216
 3290 3369 2217 3065 2218 3929 2219 4856 2220 5093 2221 5186 2222 3448 2223 2293
 2224 2299 2225 2226 2722 4192 2227 2228 3186 2229 2516 2230 4798 5218 2231 3914
 2232 2307 2233 4688 2234 3618 2235 2239 2236 3139 5045 2237 2771 4096 2238 4209
 2239 2265 3175 2240 5253 2241 5293 2242 3929 3970 2243 2309 2244 3995 5147 2245
 2246 2252 2247 3173 2248 2666 2249 5030 2250 2787 2251 4857 2252 2253 3505 2254
 5255 2255 4861 2256 5112 2257 3871 2258 2259 3620 4162 2260 2369 3871 2261 4696
 2262 2311 2263 4667 2264 3391 4663 2265 3175 3678 2266 4551 2267 2268 3062 2269
 4879 2270 3538 2271 5293 2272 2285 2273 4001 4952 2274 3478 4467 2275 3209 4730
 2276 4787 2277 2278 2788 4147 2279 2280 2285 2281 2282 5139 2283 2366 2284 2285
 3571 2286 4518 2287 3674 2288 3651 2289 2290 4795 2291 2314 2292 2293 3339 3456
 2294 3703 2295 4370 2296 4891 2297 2316 2298 4080 2299 5239 2300 3237 2301 2333
 4517 2302 4752 5205 2303 3719 4370 2304 5239 2305 4066 2306 3024 2307 3546 2308
 4208 2309 5078 2310 5130 2311 5062 2312 2313 4729 2314 2315 5239 2316 2317 2318
 3944 4547 2319 4181 4573 4724 2320 2730 3336 2321 4944 2322 3322 5211 2323 4691
 4877 2324 4444 2325 3256 4049 2326 3858 2327 4476 5245 2328 4604 4877 2329 4248
 5055 2330 4371 4889 2331 4449 2332 3760 4078 4082 2333 3799 4517 2334 4082 4814
 4944 2335 3934 4582 4958 2336 2790 2791 2337 4322 2338 4521 4794 2339 4828 4829
 2340 3750 4966 4967 2341 4536 4598 2342 4555 2343 3928 2344 4441 5027 5262 2345
 3969 4745 5193 2346 4121 4486 5004 2347 4480 2348 4271 4947 2349 3293 5233 5234
 2350 3617 4539 4540 2351 4294 4698 4735 2352 2353 3287 2354 4611 2355 3337 3339
 2356 2357 4073 4714 5197 2358 3911 4796 5202 2359 3885 4294 4698 2360 4190 4899
 2361 3841 4086 5212 2362 4088 4611 4639 2363 4466 4785 2364 3528 2365 4039 4589
 4950 2366 3717 4077 2367 3832 3971 3972 2368 4294 4587 4698 2369 2370 4566 4688
 2371 3895 4216 4705 2372 2373 3892 4334 4948 2374 4418 4844 4934 2375 4589 4948
 2376 4437 5159 2377 4189 2378 4917 4918 2379 3606 4290 5044 2380 3949 4888 2381
 3680 4182 5030 2382 4814 4815 2383 4120 4638 4880 2384 4587 4736 4827 2385 3881
 4815 2386 4010 4066 4463 2387 4439 5244 2388 4010 4066 4463 2389 3880 2390 2866
 4829 2391 2392 3566 4497 4897 2393 4419 4751 5261 2394 3722 3999 2395 3787 3865
 2396 3870 5099 2397 3281 3305 3306 2398 3520 3525 3902 2399 2400 2925 2400 2925
 4581 2401 5249 5250 2402 2780 4238 2403 3922 4777 5011 2404 4781 4922 2405 3445
 2406 3863 2407 4834 2408 4091 4700 2409 2687 2688 3364 2410 3154 3589 2411 2677
 5061 2412 4081 5189 2413 5234 2414 3679 4268 2415 3827 5136 2416 2424 3072 2417
 2543 3787 4315 2418 2967 3789 4700 2419 3027 3355 4663 2420 4931 4932 2421 4101
 4315 4815 2422 4847 5127 2423 5124 5125 2424 3834 4722 2425 3098 3929 3973 2426
 4279 4518 2427 4367 4579 2428 4357 2429 3756 4759 4965 2430 4446 5046 5145 2431
 3850 5219 2432 3729 4129 2433 2704 2434 4327 4630 5117 2435 4759 4965 4967 2436
 4229 5103 5104 2437 3915 4705 4762 2438 3157 4357 4463 2439 2848 4726 2440 4219
 4446 5046 2441 3365 2442 2821 2822 4075 2443 4204 5007 2444 4021 4463 4654 2445
 2447 4049 2446 2447 4049 2447 2448 4049 2449 2450 4049 2450 4049 4053 2451 3621
 4265 2452 2453 3846 4450 2454 3872 4294 4698 2455 3318 4128 4265 2456 3788 4127
 4624 2457 4542 4802 4907 2458 2459 3621 4128 5086 2460 4053 2461 3290 4266 2462
 2910 3573 5035 2463 3541 4054 4617 2464 2471 4349 2465 3840 4266 5091 2466 4668
 2467 4275 4592 2468 4960 5021 2469 3839 4622 2470 3840 4265 4266 2471 3710 4608
 2472 3703 3984 2473 5265 2474 3831 4857 2475 3369 4265 2476 3830 4112 2477 5236
 5255 2478 4585 4999 5151 2479 3828 4891 5039 2480 2482 2869 2481 3916 4358 4577
 2482 2869 5007 2483 2502 4534 2484 4807 2485 4040 4534 5090 2486 3811 4269 5087
 2487 3821 4838 4839 2488 3699 5007 2489 3820 5246 2490 4416 4977 2491 3600 4297
 4445 2492 4949 2493 4118 4424 4821 2494 3700 4009 4914 2495 4156 4362 4528 2496
 3687 3688 5297 2497 3578 5190 5231 2498 4225 4626 5180 2499 4230 4875 5074 2500
 4297 2501 4996 5073 5076 2502 3811 4821 2503 2504 2704 5169 2505 3967 4358 2506
 4637 5067 2507 5296 2508 4222 2509 4546 4605 2510 3560 4087 4233 2511 4084 4960
 5023 2512 4100 4746 5010 2513 2514 2515 2515 2517 2516 2517 4113 2518 4104 4816
 5092 2519 3805 4234 4253 2520 3590 5072 5073 2521 4004 4706 2522 4760 2523 4367
 4579 2524 4411 5051 2525 4468 4510 2526 2666 2999 2527 3720 4903 2528 4312 5093
 5165 2529 5167 5220 2530 3055 3789 4338 2531 3325 4480 4695 2532 4109 4480 4588
 2533 3940 5079 2534 3793 4911 2535 3609 4124 4309 2536 3941 4005 4777 2537 2540
 3790 2538 5265 2539 2891 4583 5166 2540 4526 2541 3743 4583 5248 2542 4164 5031
 2543 3787 4945 2544 4232 4660 2545 3953 4251 5011 2546 3742 4333 5140 2547 4148
 4836 5166 2548 3737 5158 5173 2549 4683 5260 2550 4237 4976 2551 3779 3813 4837
 2552 3614 3780 5046 2553 3602 3773 2554 3776 4561 4837 2555 3214 5152 2556 4506
 4992 2557 3724 4442 4713 2558 3025 4161 4494 2559 4482 4569 4930 2560 4399 4561
 4623 2561 2868 4067 4075 2562 4224 4246 2563 5172 5173 5248 2564 4132 4851 5173
 2565 3974 4607 2566 4141 4597 2567 3935 4855 5174 2568 2609 4924 2569 4206 4647
 2570 5096 2571 4312 5157 5248 2572 3159 4845 4846 2573 3678 4983 2574 4032 2575
 4025 4740 5159 2576 5206 2577 3782 4824 2578 3779 3813 4426 2579 4393 4395 2580
 4996 4997 5074 2581 4467 4708 4993 2582 2885 4679 2583 4451 4733 2584 4058 4159
 2585 4487 5287 2586 3745 4132 4739 2587 4255 4902 4941 2588 4070 4495 4859 2589
 4470 4823 4983 2590 3479 4489 4993 2591 3185 3723 2592 3689 4569 4930 2593 2990
 2594 3777 4543 5040 2595 4712 4877 2596 3165 4874 2597 3753 2598 3745 4740 4849
 2599 3523 3932 2600 3741 5069 2601 2612 5207 2602 3732 4646 4849 2603 3492 3619
 3643 2604 4301 5148 2605 4022 4658 4849 2606 3734 4674 5192 2607 4346 4347 2608
 4571 4994 4997 2609 4923 4924 2610 2683 3389 3809 2611 4680 2612 4523 5207 2613
 4531 4867 2614 3183 4863 4864 2615 3730 4070 4436 2616 3732 4849 2617 5103 5104
 2618 4262 2619 4856 2620 4002 4525 4666 2621 2622 3389 3643 3809 2623 2693 2913
 4092 2624 4191 4492 4834 2625 4073 5136 2626 4553 2627 2628 3816 4212 2629 3383
 3519 4092 2630 4259 4827 4841 2631 4755 5237 5238 2632 2633 3537 3916 4549 2634
 3725 3785 4925 2635 4259 4825 4826 2636 3771 4428 4778 2637 4478 4745 5296 2638
 4492 4748 4971 2639 3749 4980 2640 4413 5201 5202 2641 3462 4188 5023 2642 4819
 4970 4971 2643 3558 3643 4428 2644 3715 3910 4249 2645 3731 4656 2646 4044 4053
 5145 2647 3469 5058 2648 4316 5020 5021 2649 3713 4433 5161 2650 4656 4695 2651
 3688 2652 4823 5286 2653 4256 4691 4946 2654 4262 4971 2655 3992 4657 4872 2656
 3708 4851 5160 2657 4184 5291 2658 4973 2659 4064 4936 2660 3587 4119 4521 2661
 3931 4450 2662 3931 4450 2663 3174 3185 2664 3238 3848 2665 3702 4799 2666 2667
 3818 4100 5008 2668 4941 5132 5189 2669 2690 4859 5165 2670 4542 4908 4909 2671
 4920 4921 2672 4746 5010 2673 4521 4871 4873 2674 3709 4543 5162 2675 2849 3265
 3579 2676 4180 4967 2677 5061 2678 2679 4344 4568 5070 2680 4529 4822 4958 2681
 2770 3045 2682 4174 5191 2683 3389 3643 2684 3849 5022 5023 2685 5037 5133 2686
 5203 2687 3364 3524 2688 3364 3524 2689 3000 3581 2690 4314 5165 2691 4153 2692
 4142 4392 2693 2913 2694 4083 4909 2695 3695 4371 4891 2696 3315 4973 2697 2699
 3440 2698 3188 4190 4899 2699 3210 4209 2700 3693 4576 4833 2701 4600 2702 3282
 4130 2703 4492 5163 2704 5167 2705 2706 5098 5099 2707 2714 3971 2708 2714 3971
 2709 3893 4211 2710 4131 4641 4920 2711 4452 4922 5040 2712 4226 4515 4738 2713
 3905 4341 4355 2714 3973 4130 2715 3748 4423 4938 2716 4131 4642 4856 2717 4642
 5161 2718 4098 4955 5105 2719 4501 4919 4920 2720 4433 4738 4919 2721 4355 4919
 4922 2722 4512 4926 2723 3823 4427 4657 2724 2727 3488 2725 4095 4641 4642 2726
 4359 4677 4751 2727 3437 3488 2728 3684 4452 4919 2729 3469 2730 3904 2731 4133
 4629 4869 2732 2980 3094 2733 2979 4674 5223 2734 4192 4999 5150 2735 3030 4166
 5137 2736 4730 2737 4502 4736 4843 2738 4560 4893 5178 2739 4465 5282 2740 4133
 4868 5015 2741 4689 2742 2942 2743 2744 4501 4515 2745 3681 4135 4137 2746 3438
 4758 2747 3716 4111 5241 2748 3593 4554 4765 2749 3638 4323 2750 4166 4458 5136
 2751 4464 5240 5241 2752 3671 4205 5006 2753 2871 2986 3692 2754 4886 2755 2757
 3989 4043 2756 2765 4514 4564 2757 4043 5116 2758 2782 5213 2759 4244 4564 5243
 2760 4116 4460 4564 2761 3778 3985 2762 3665 4669 5116 2763 3661 4235 5107 2764
 2774 3959 2765 4235 4564 2766 3663 4490 5278 2767 3662 4884 2768 3661 4116 4235
 2769 3659 4185 4672 2770 3754 2771 2812 3048 2772 2878 3620 4636 2773 3907 5280
 5281 2774 2775 4163 4422 4828 2776 4244 4855 2777 2790 4604 2778 2803 4034 4344
 2779 3193 3333 4664 2780 2781 3398 3510 2782 5213 5264 2783 4083 4909 4912 2784
 3649 4809 2785 4112 4384 5043 2786 3150 5235 2787 4072 5129 2788 5077 2789 4808
 5059 2790 2791 4604 2792 3017 4964 5066 2793 4133 4869 5017 2794 4034 4964 5069
 2795 4284 4917 2796 3647 5031 2797 4805 2798 4166 4458 5185 2799 3983 4637 4687
 2800 4340 4545 2801 3983 4107 5067 2802 3913 2803 4344 5069 2804 4763 4895 2805
 3620 4162 4558 2806 4804 5195 2807 3655 4558 2808 5116 5201 2809 4603 4736 4840
 2810 2828 2811 2812 3050 4096 2813 4456 2814 3692 3897 4316 2815 3509 3525 3902
 2816 3208 3878 4634 2817 4390 2818 2819 3103 4091 2820 2822 4075 2821 2822 2868
 2823 4120 4662 5032 2824 4407 4636 5175 2825 3629 4080 5226 2826 3637 4807 4892
 2827 3554 4406 4565 2828 3674 5154 2829 3638 4146 2830 4071 4744 5068 2831 3879
 4338 2832 2881 3288 3577 2833 4308 4692 2834 4308 4703 2835 4339 4624 4626 2836
 4031 4743 5130 2837 3794 4782 2838 4464 5042 2839 2861 4214 4490 2840 3767 4310
 4935 2841 2879 3683 2842 3028 4089 4703 2843 4091 2844 3673 4682 5252 2845 3154
 3214 4934 2846 4940 5283 5284 2847 4948 2848 2860 4726 2849 3265 3826 2850 2890
 2893 2851 4711 4844 4934 2852 4263 4984 4985 2853 3502 3503 2854 3296 3452 3496
 2855 4093 4691 4877 2856 4798 2857 3093 3488 3670 2858 3795 4988 2859 4198 5253
 2860 4411 4726 2861 4490 5286 2862 4533 4818 5206 2863 4462 4776 2864 4006 4046
 5257 2865 3236 3631 2866 3411 4829 2867 4349 4607 2868 2869 4766 2870 4354 4986
 5070 2871 2986 5155 2872 5242 2873 4356 4865 4912 2874 2875 2947 3596 2875 2947
 3596 2876 2934 2947 4619 2877 3382 3652 4250 2878 4559 2879 3683 2880 3028 3031
 4703 2881 2882 3625 4940 2883 4682 2884 5028 5029 5064 2885 4679 2886 3623 4125
 4412 2887 4013 4803 4978 2888 4573 5138 2889 3758 3943 4980 2890 2893 3337 2891
 3807 5166 2892 4522 4620 4987 2893 3306 2894 3650 4803 4980 2895 4000 4398 5215
 2896 3616 3909 4905 2897 3758 3906 4618 2898 2903 2916 4389 2899 5102 5144 2900
 3615 3917 4389 2901 4472 4991 5127 2902 3917 4242 4388 2903 2916 4388 2904 3605
 4711 2905 3991 4105 4388 2906 4612 4767 5215 2907 3417 3792 4619 2908 3610 4680
 4764 2909 3843 3844 4186 2910 5213 2911 3518 3524 3736 2912 3980 4276 5290 2913
 3327 4691 2914 4365 4718 5178 2915 4105 4372 4373 2916 3991 2917 4751 2918 4901
 2919 4103 4149 4277 2920 3605 4418 2921 3792 4199 4373 2922 3866 4500 4951 2923
 3690 4199 4372 2924 3761 4517 5096 2925 3796 4860 2926 4479 4752 5230 2927 3677
 4149 4665 2928 2929 3022 3577 2929 3022 3576 2930 3836 4954 4963 2931 3364 4565
 4846 2932 3575 3576 3977 2933 5288 2934 2947 2935 4630 2936 2942 2946 2937 3066
 4767 5219 2938 3900 4136 4417 2939 3549 4368 4369 2940 3544 4575 2941 3256 2942
 2943 2944 2943 2944 2945 2946 2945 2946 4676 2947 4619 2948 4001 2949 4347 4659
 2950 4472 4715 4716 2951 3749 4457 5066 2952 3499 4756 4893 2953 3867 4432 4979
 2954 4472 4716 4717 2955 4237 4432 4979 2956 4472 4717 4991 2957 4644 4892 5233
 2958 3379 3854 2959 3788 4625 4774 2960 4870 4871 2961 4990 4991 5124 2962 4689
 5275 2963 4248 5054 2964 3815 5246 2965 3766 4810 5027 2966 4024 4141 5221 2967
 3055 4700 2968 5115 5156 2969 3591 3592 4575 2970 3824 5289 2971 3986 4649 2972
 4156 4362 4694 2973 3956 4343 4594 2974 4240 4955 5057 2975 4780 4858 4974 2976
 4773 5045 2977 3666 4354 4572 2978 4202 4203 2979 3498 5223 2980 3094 2981 4569
 4939 2982 4609 4962 5057 2983 3740 3843 3845 2984 4065 4725 4975 2985 5035 5269
 2986 3912 2987 4295 4822 2988 4330 4716 4755 2989 4239 4507 4548 2990 4074 4689
 2991 4440 4507 4548 2992 4335 4348 2993 4184 4717 5291 2994 3023 3842 2995 3931
 4332 2996 4218 4485 4882 2997 4330 4715 5127 2998 3834 2999 4251 4746 3000 3001
 3580 4519 4756 3002 4943 3003 4328 5002 5128 3004 3816 4208 3005 3894 5002 5258
 3006 3664 4553 4675 3007 4278 5216 5217 3008 4988 4989 3009 4472 4848 4991 3010
 3203 3219 4720 3011 3578 5194 5231 3012 3013 4303 4848 5292 3014 3942 4160 4757
 3015 3019 3851 4547 3016 3553 4655 4757 3017 4687 4964 3018 4479 5013 5204 3019
 3851 4699 3020 3553 3806 4496 3021 3751 4655 5236 3022 3575 3023 3344 3842 3024
 3144 3281 3025 4494 3026 5224 5225 3027 3355 4874 3028 4703 3029 3216 4692 5254
 3030 5137 3031 3032 3127 3132 3033 3034 3035 3036 3034 3035 3036 3035 3036 3036
 3037 3038 4930 3038 4930 3039 3133 4403 5206 3040 3159 4273 4845 3041 3551 4598
 4832 3042 4390 4546 5268 3043 3644 4117 3044 3048 3050 4096 3045 3046 4536 4832
 4860 3047 4144 4402 4580 3048 3049 3049 3050 4096 3050 3051 3639 3982 4196 3052
 3053 3801 4567 5026 3054 4275 5031 3055 4700 3056 3057 4853 4860 4861 3058 4504
 4860 4862 3059 4499 5052 3060 3838 4500 4566 3061 3569 4471 5168 3062 3485 4994
 3063 3077 4146 3064 3564 4361 4800 3065 3633 4100 3066 5177 5219 3067 3076 5047
 5048 3068 3107 4160 4757 3069 3083 3697 3070 3584 5102 3071 4318 4776 5008 3072
 3834 3073 3076 4757 5047 3074 3086 3075 3562 3769 4580 3076 4757 3077 3078 3657
 4798 5217 3079 3778 3976 3080 4060 4786 3081 3562 4196 4402 3082 3645 4981 5048
 3083 3697 3084 3559 4471 5171 3085 4151 4454 3086 4323 3087 3884 5037 3088 4686
 4981 5171 3089 4111 3090 3883 4537 4628 3091 4686 5050 5204 3092 4544 4545 3093
 3670 4361 3094 5217 3095 5049 5052 5204 3096 4797 5248 3097 4574 4686 5049 3098
 3100 3929 3099 3835 4537 5170 3100 3832 3929 3101 3518 3736 4565 3102 3632 5005
 3103 4091 3104 4138 4998 5138 3105 3632 3819 5005 3106 3860 4664 5063 3107 4757
 5049 3108 3147 3858 3109 4364 4506 4990 3110 3784 3844 3845 3111 3160 3112 4366
 4832 4862 3113 4195 5128 5131 3114 3249 4696 3115 3116 3131 4862 3116 3131 4862
 3117 3164 3390 3118 4685 5001 5261 3119 4660 3120 4715 4992 5291 3121 3141 3319
 3632 3122 4366 4726 4831 3123 3130 3551 4831 3124 4738 4781 3125 4499 4830 4853
 3126 3212 4631 4831 3127 3132 4346 3128 3539 4499 4631 3129 3572 4633 5188 3130
 3551 4830 3131 4366 3132 3133 4403 5095 3134 4319 4675 3135 4172 4473 3136 3704
 3857 4048 3137 3608 4061 4282 3138 4079 4900 5190 3139 4302 4773 5045 3140 3962
 3963 3964 3141 3319 3632 4606 3142 4306 4409 4410 3143 4081 4538 3144 3281 3305
 3145 3855 3856 3857 3146 4413 5044 3147 3547 5257 3148 3406 3624 4409 3149 3717
 4667 3150 4283 5235 3151 3546 3873 3874 3152 3853 4653 5130 3153 4171 5164 3154
 3214 3155 4411 4631 4726 3156 4114 4648 3157 3176 3158 4325 4377 4381 3159 4273
 4845 3160 3161 3606 4290 5269 3162 4220 4783 4790 3163 3164 3390 3165 4772 3166
 3975 3167 4604 4877 3168 4604 4877 3169 3930 4886 3170 3171 3921 4252 5203 3172
 3648 3836 3866 3173 4609 3174 3185 5294 3175 3678 3742 3176 4463 4676 3177 5006
 5177 5179 3178 3294 4048 4052 3179 4271 4876 5054 3180 4576 3181 4930 3182 3542
 3727 4710 3183 3427 4863 4864 3184 4508 4817 4941 3185 5122 3186 4614 3187 5299
 3188 3189 3244 4241 3190 4019 4097 4102 3191 3192 3536 3685 4378 3193 3333 3860
 3194 3353 3195 3297 3887 4395 3196 3297 3887 4395 3197 3198 3199 3200 3198 3199
 3200 3199 4786 3200 4168 3201 3238 3294 4048 3202 4374 5145 5150 3203 4720 5236
 3204 3540 4709 4769 3205 3297 3887 3981 3206 3416 5126 3207 4702 5260 3208 3878
 4007 3209 4466 4785 3210 3754 3211 3664 4553 4675 3212 3539 4631 3213 5297 3214
 3215 4494 4771 3216 4089 5254 3217 3218 4770 3219 3220 3536 3685 4381 3221 3535
 4783 4784 3222 3534 3556 4035 3223 3224 3372 4060 4782 3225 4854 3226 3227 4134
 5126 3227 4134 5126 3228 3876 4285 3229 3622 3230 3981 4396 4397 3231 4551 4768
 4769 3232 4106 4394 4747 3233 4102 4394 4747 3234 4005 4313 5008 3235 4217 5041
 3236 3260 3631 3237 4253 3238 4048 3239 3533 4806 5016 3240 3532 3926 4177 3241
 3530 4968 5140 3242 4541 4936 4937 3243 4164 4852 3244 5276 3245 3529 5083 5084
 3246 4260 4942 5270 3247 4400 5267 5268 3248 3926 4038 5275 3249 3493 4696 3250
 3718 3877 3941 3251 3267 3658 3252 3698 4661 5140 3253 3667 4037 4937 3254 5039
 5087 3255 4942 5140 5143 3256 3257 4260 4363 5139 3258 4586 4839 4840 3259 4514
 5243 3260 3279 3631 3261 3262 4204 4541 5041 3263 4288 4493 4651 3264 4390 3265
 3826 4621 3266 4729 4936 5276 3267 5264 3268 3269 5012 3270 4420 4905 5097 3271
 4570 3272 4322 3273 4496 5236 5255 3274 3275 3604 4454 5272 3276 3604 3739 5272
 3277 4621 4960 5020 3278 3604 4453 5272 3279 4243 5244 3280 4152 3281 3282 3970
 3283 3980 5291 3284 3285 4963 3285 4524 3286 4248 5063 5154 3287 3288 3313 3289
 3409 3420 3290 3621 3291 3654 4113 4577 3292 4037 4064 5275 3293 3646 3294 3295
 3679 4676 3296 3452 3496 3297 4395 3298 4172 4741 3299 3516 4805 5125 3300 3939
 4435 5071 3301 3721 3874 3958 3302 3874 3882 3303 3365 3304 4252 3305 3307 3306
 3307 3308 4136 4137 3309 3371 4845 3310 3311 3480 3511 3516 3312 4794 4795 3313
 3352 3314 4486 5043 5231 3315 3316 3584 5101 5102 3317 4182 3318 4299 3319 4597
 3320 4093 4385 4643 3321 4503 4601 4602 3322 3334 3323 4057 4835 4923 3324 4057
 4760 4835 3325 3660 4480 3326 3368 5103 5104 3327 4385 3328 3480 3512 3516 3329
 4321 4968 5270 3330 3949 4431 4888 3331 4302 4678 3332 4485 5129 3333 4139 3334
 5212 3335 4296 4629 5022 3336 4944 3337 3338 3339 3527 3339 3340 3427 3496 3341
 4742 3342 4943 4944 3343 3344 3842 4097 3345 4675 3346 4885 4886 5135 3347 4353
 5042 3348 3718 4005 3349 5102 5144 3350 4600 5099 5279 3351 4874 5072 3352 3943
 3977 3353 4892 3354 4231 5064 5065 3355 4230 4663 3356 3357 4251 4252 3358 4579
 3359 3931 3360 3361 3396 5179 3361 3396 5179 3362 3414 4629 5022 3363 4387 4721
 3364 4565 3365 3366 3783 4681 3367 4183 3368 4003 3369 3621 3370 3630 3946 4879
 3371 4270 3372 4782 4783 3373 3954 5059 5062 3374 4223 4910 4918 3375 4478 3376
 3531 3998 4016 3377 3573 3378 3379 3854 4287 3380 4613 4927 5259 3381 4484 4613
 5100 3382 4249 4250 3383 3508 3519 4092 3384 4215 4735 4736 3385 4526 5247 5272
 3386 4356 4557 4913 3387 3475 4301 3388 3498 3517 5223 3389 3558 3390 4056 5096
 5222 3391 5075 3392 4712 4877 3393 3904 4451 3394 3515 3526 3528 3395 3817 4016
 4026 3396 4560 3397 4151 4742 4760 3398 3510 3399 3411 4261 3400 3528 3556 5005
 3401 4682 5241 3402 5018 5024 5027 3403 4287 4505 5036 3404 4683 4927 4928 3405
 4892 3406 3624 4409 4410 3407 3597 4426 5245 3408 3896 4100 3409 3420 3480 3410
 4006 5256 3411 4261 4828 3412 4448 3413 3414 4629 5022 3414 4629 3415 3829 4669
 3416 4055 4377 3417 3792 4373 3418 4022 4658 3419 4362 4826 3420 3511 3512 3421
 3454 3482 4887 3422 4590 4949 3423 3484 3502 3424 4797 5242 5243 3425 3676 4761
 4884 3426 4193 4368 4525 3427 3496 4863 4864 3428 4041 4638 4777 3429 4217 3430
 4582 4822 5024 3431 3849 4296 5016 3432 4291 4697 4907 3433 3927 4861 3434 5110
 3435 3864 3985 3436 4886 5134 5187 3437 3488 3670 4006 3438 5053 3439 3541 4705
 3440 3754 4211 3441 4202 4257 4258 3442 3504 3597 4148 3443 4602 3444 4432 4977
 3445 4670 3446 3712 5288 3447 3760 4082 3448 4656 3449 3450 4088 4639 3451 3594
 4304 4953 3452 3496 4864 3453 4274 5122 3454 3521 4887 3455 3520 3525 3902 3456
 3525 5155 3457 3501 3603 4884 3458 4753 5000 5232 3459 3812 4737 4749 3460 3760
 3461 4222 3462 4188 4350 3463 3626 5121 5122 3464 5003 5223 3465 4194 4348 4866
 3466 3509 3525 3902 3467 4198 5254 3468 4531 5153 3469 4953 3470 4195 3471 5210
 5211 5212 3472 4407 5108 3473 4136 4291 3474 3817 3998 5212 3475 3476 4591 4605
 3477 4797 4956 5208 3478 3590 5072 3479 4489 3480 3511 3481 4422 4829 3482 3521
 3523 3483 5244 3484 3502 3524 3485 4556 4993 3486 4201 4202 4203 3487 4694 4826
 3488 3489 4352 5042 3490 4732 4733 4906 3491 4552 5038 5134 3492 3643 3809 3493
 4789 3494 4459 3495 3738 4697 4907 3496 4864 3497 3515 3522 3526 3498 3517 3499
 4756 3500 4118 5164 3501 3603 3502 3518 3524 3503 3504 3597 5246 3505 3506 3583
 3968 4369 3507 4197 4938 3508 3519 4643 3509 3520 3510 3511 3513 3512 3513 3513
 3516 3514 4350 5018 5028 3515 3522 3516 5280 3517 4674 5003 3518 3519 4643 4877
 3520 3525 3527 3521 3522 3526 3556 3523 5136 3524 3525 3902 5155 3526 3527 4130
 3528 3529 4425 5082 5083 3530 4267 5141 3531 4026 4793 3532 3651 4729 3533 4188
 4350 4806 5016 3534 3611 3958 3535 4060 4782 3536 4380 3537 3538 4380 3539 4632
 3540 4466 4770 3541 3542 4730 4731 3543 4321 4734 4942 4969 3544 4780 3545 5235
 3546 3721 3547 5256 3548 4633 5187 5263 5265 3549 3717 3550 5086 3551 3552 4208
 4210 3553 4655 3554 4406 4733 3555 4275 4511 4592 5113 3556 3557 3897 3912 5155
 3558 3643 5283 3559 4175 4981 3560 4145 4233 4530 3561 3971 3972 3562 4196 3563
 4171 5088 3564 5047 5051 3565 3656 3955 4009 4914 3566 4617 4763 3567 4482 4569
 5198 5238 3568 4652 5283 3569 4861 3570 4672 5121 3571 3572 5185 5197 3573 4854
 3574 4015 4456 4559 3575 3576 3977 4004 3577 3578 3579 3826 4280 4959 3580 4804
 4817 3581 3582 4156 4362 4528 4694 3583 3968 4193 4524 3584 5102 5147 3585 3586
 4491 4863 4914 3586 4491 4863 4914 3587 4795 4812 3588 4771 3589 5152 3590 5074
 3591 4263 4975 3592 4263 4975 3593 4855 5174 3594 3630 3946 3595 3596 4619 4620
 4707 3597 3598 4489 4812 4872 4996 3599 5123 3600 4391 4392 3601 4509 5162 3602
 3603 4750 4885 3604 5272 3605 3606 5199 3607 4613 5100 5211 5212 3608 4282 4306
 4409 3609 4058 5020 3610 4138 4679 3611 4155 3612 4857 3613 4324 4434 4712 4713
 3614 4219 4929 3615 3917 4242 4522 3616 3909 5215 3617 4758 5055 3618 3619 4428
 5214 3620 4558 3621 3622 4481 4640 3623 4664 3624 4123 4408 3625 4594 5285 3626
 4513 5295 3627 3683 3628 5083 5084 5085 3629 4672 5227 3630 4879 3631 3632 3633
 5008 3634 4139 4443 4664 3635 4725 5066 3636 4585 5149 5183 3637 4807 3638 4825
 4826 3639 4144 4536 3640 3641 3642 4491 4864 3641 3642 4491 4864 3642 4491 4557
 3643 3644 4117 4566 4952 3645 4853 5204 3646 5233 3647 4462 3648 3836 4500 4954
 3649 4331 4364 3650 4242 4388 3651 3926 4038 3652 3898 4319 3653 4264 4671 5237
 5267 3654 4383 4549 3655 4456 4634 3656 3955 4009 4336 4914 3657 4420 3658 4108
 4677 5264 3659 4298 3660 4109 3661 4115 3662 4885 4888 3663 4778 3664 4250 4319
 3665 3666 4354 4975 4976 3667 3923 4593 3668 4303 4847 4848 3669 4605 4903 3670
 4046 3671 4612 5005 3672 4591 3673 5070 3674 4949 4950 3675 5208 5209 5210 3676
 4431 5036 3677 4103 5290 3678 3742 3679 3680 4510 3681 4291 4909 3682 4317 4331
 4990 5124 3683 4099 4429 3684 4095 4452 5175 3685 4325 4378 3686 4300 4816 3687
 3688 4161 3688 4161 3689 4094 3690 4199 4372 4389 4618 3691 3692 3693 4577 3694
 5101 3695 4748 3696 4353 4535 4728 4956 3697 3698 5139 3699 5273 3700 4336 4498
 3701 4396 4397 4879 4961 3702 3703 3864 3704 3705 4793 5100 5209 3706 5185 3707
 4404 4578 3708 4509 5161 3709 5088 3710 3711 4079 4674 4900 4901 3712 4596 5232
 3713 4819 4972 5161 3714 3721 3873 4155 3715 3869 4553 3716 3717 3718 3941 3719
 4626 4718 4719 3720 4186 3721 3722 5146 3723 4753 3724 4876 5053 3725 4157 4925
 4926 3726 4154 4155 5006 5177 3727 4074 4730 3728 4972 3729 4261 3730 4070 4740
 4850 3731 4480 3732 4647 3733 4440 4507 4881 5236 3734 5190 3735 4384 4791 4792
 5194 3736 4846 4908 4910 3737 4399 4623 3738 4236 4906 4907 3739 4151 4454 3740
 3844 4228 3741 4416 4974 3742 4983 3743 5274 3744 3908 4491 4557 4914 3745 4849
 3746 4063 4434 4539 3747 4414 4681 4697 3748 5132 5181 3749 5066 3750 4345 3751
 4496 4800 3752 4425 5081 5082 3753 4272 4790 3754 3755 4124 5022 3756 5025 3757
 4189 5168 3758 4618 3759 3962 3963 3964 3965 3760 4438 4944 3761 5096 3762 3763
 3764 3765 4393 3763 3764 3765 4393 3764 3765 4393 4396 3765 4393 4397 3766 5028
 5029 3767 4673 3768 4588 4801 4816 3769 4402 4581 3770 4152 3771 5279 5280 3772
 4087 4145 4233 3773 4302 4678 5044 3774 4232 3775 4069 4437 3776 5174 3777 5172
 5175 3778 3864 3779 4836 3780 4929 3781 4206 4646 4658 3782 5260 5289 3783 4414
 4908 3784 3843 4228 3785 4157 3786 4748 3787 3788 4624 4625 3789 4301 4878 3790
 4453 4924 3791 4382 4455 4615 4959 3792 4618 3793 4865 3794 4551 3795 3796 4580
 4861 3797 4560 4941 5132 5180 3798 4672 5121 3799 5167 3800 4333 5001 5143 5269
 3801 4567 4616 5026 5262 3802 4200 4201 4257 4258 3803 4337 4531 3804 4127 4370
 4624 4719 3805 4293 4481 3806 4757 4800 3807 4583 4693 5247 3808 3824 4487 3809
 4778 3810 4668 4918 4943 4946 3811 3812 4698 5154 3813 3814 3946 4304 4953 3815
 5246 3816 4208 3817 4016 3818 3896 3819 4488 3820 3821 4528 4842 3822 4474 4505
 4516 3823 4427 4657 4870 4873 3824 3825 4284 4336 4498 4907 3826 4280 5021 3827
 5135 3828 4563 3829 4852 5032 3830 4900 5043 3831 4173 3832 3971 3833 4075 3834
 3835 4628 5235 3836 3837 5208 5209 3838 4951 4954 3839 4611 3840 4299 3841 4535
 3842 4052 4096 3843 3844 3845 4186 3846 4493 3847 4512 4659 3848 4097 4393 3849
 4296 5022 3850 5096 3851 4584 4904 3852 4067 4463 3853 4031 3854 4474 4887 3855
 4032 3856 3857 3858 4706 3859 5196 3860 5063 3861 4555 5251 3862 3962 3963 3964
 3965 3863 4824 5259 3864 3976 3865 4315 3866 4963 3867 4978 4979 3868 4760 3869
 4249 4553 3870 4835 5098 3871 3872 4502 3873 3874 3875 4518 4812 4997 3876 3877
 3941 4005 4313 3878 5108 3879 4338 3880 4752 5205 5224 3881 4463 4654 3882 3958
 4035 4050 3883 4537 4627 5049 3884 3885 4603 3886 4335 4346 4347 4866 3887 4396
 4397 3888 4459 4591 5038 3889 3890 4066 4067 4076 3890 4066 4067 3891 4727 4894
 4895 4896 3892 4604 4947 3893 4211 4212 3894 4596 5234 3895 4216 5014 5262 3896
 3897 5155 3898 4250 3899 4805 3900 4137 4909 3901 4811 5082 3902 3903 4460 5107
 3904 4451 3905 4062 4226 3906 3943 3907 4673 4935 3908 4557 4911 4914 3909 4360
 5096 3910 3911 5101 5105 3912 5155 3913 4262 4970 3914 5227 3915 4894 5014 3916
 4549 3917 3918 4640 4933 3919 4468 4511 3920 4502 4587 4603 4735 3921 4036 4045
 3922 4776 3923 4037 4064 3924 4721 3925 4639 4684 4932 3926 3927 4853 4861 4862
 3928 5054 3929 3930 4750 4885 3931 3932 4888 5135 3933 4044 3934 4441 4582 5026
 3935 5175 3936 4329 5143 3937 5156 5157 3938 4352 4535 4728 4956 3939 4435 5076
 3940 4571 4995 3941 3942 4655 5236 3943 3944 5095 5097 3945 4601 3946 3947 3988
 4406 4565 4846 3948 4755 4992 3949 3950 4754 5229 5232 3951 4122 4375 4376 4417
 3952 4690 5014 5019 3953 4252 5202 3954 4590 3955 4009 4802 3956 5285 5286 3957
 4568 3958 4050 3959 3960 4854 3961 4245 4461 5226 3962 4844 3963 4844 3964 4586
 3965 4841 3966 4638 4777 3967 4890 4891 3968 4524 3969 4938 3970 3973 4130 3971
 3972 3973 3974 4608 3975 3976 3987 3977 4004 3978 4985 3979 4544 3980 3981 4961
 3982 4144 3983 4687 5067 3984 3986 3985 3986 3987 3986 4649 3987 3988 4406 4732
 4846 3989 4143 5201 3990 4289 5055 3991 4372 3992 4427 5109 3993 4764 5133 5134
 5137 3994 5160 3995 3996 3996 5147 3997 4134 4378 4379 4380 3998 4026 3999 4477
 5144 4000 4756 4893 4001 4002 4003 4297 4004 4618 4707 4005 4006 5256 4007 4744
 4008 4522 4618 4620 4009 4802 4914 4010 4011 4550 4012 4764 4982 4013 4986 4014
 4437 5158 4015 4016 5210 4017 5206 4018 4019 4096 4106 4020 4030 4033 4047 4021
 4863 4865 4022 4850 4023 4532 4622 4024 5222 4025 4739 4026 4484 4027 4753 5226
 5230 5231 4028 4711 4838 4843 5153 4029 4713 4030 4047 4404 4031 4032 4033 4034
 5107 4035 4050 4154 4155 4036 4037 4038 5276 4039 4040 4041 4662 4042 4359 4470
 4677 4685 4043 4143 5201 4044 4045 4746 4046 4047 4048 4049 4050 4154 4051 4649
 4052 4053 4999 4054 4616 4617 4701 4055 4134 4378 4379 4056 4057 5270 5271 4058
 4124 5020 4059 4644 5228 4060 4061 4408 4062 4226 4341 4063 4434 4540 4712 4064
 4065 4974 4066 4067 4463 4067 4068 5034 5161 4069 5157 4070 4436 4071 5107 5243
 4072 5002 5128 4073 5187 4074 4731 4075 4076 4077 4525 4666 4078 4082 4438 4079
 5191 4080 5226 4081 5193 4082 4083 4376 4084 4615 4959 5024 4085 4535 4086 4320
 5211 4087 4145 4088 5076 4089 5252 4090 4727 4759 4897 4965 5025 4091 4092 4093
 4093 4094 4482 4569 4095 4919 4096 4097 4102 4097 4098 4747 4962 5202 4099 4754
 4100 5011 4101 4102 4103 5292 4104 4787 4790 4105 4803 4106 4107 5068 5240 4108
 4677 4109 4110 4592 5030 5111 5112 5113 4111 4555 4112 4792 4113 4383 4114 4648
 4813 4115 4116 4460 5107 4116 4117 4500 4566 4951 4118 4821 4119 4872 4120 4723
 5032 4121 5225 4122 4375 4376 4417 4907 4913 4123 4408 4124 4125 4664 5061 4126
 5001 5143 5213 5214 5263 4127 4370 4128 5039 4129 4258 4524 4525 4130 4131 4641
 4132 4133 4629 4869 4134 4378 4379 4135 4136 4417 4136 4137 4138 4764 4139 4322
 4140 4523 4533 5207 4141 4606 5221 4142 4391 4143 5033 4144 4145 4233 4146 4827
 4147 4556 4708 5075 4148 4149 4276 4150 4584 5094 4151 4152 4153 4153 4154 4365
 4155 4156 4838 4843 4157 4925 5152 5184 5188 4158 5110 4159 4309 4621 5020 4160
 4161 4162 4163 5054 5056 5059 4164 5030 5110 4165 4387 4771 4772 4875 5071 4166
 4167 4904 5167 5169 4168 4730 4784 4786 4169 5289 4170 4379 4380 5126 4171 4424
 4172 5277 4173 4550 4174 4610 4791 5190 4175 4471 4504 5048 4176 5184 4177 4729
 4937 5082 5275 4178 4179 4180 4762 4181 5133 5137 4182 4511 4183 5211 4184 4716
 4185 5227 4186 5239 4187 4742 4188 4350 5016 5024 4189 4699 4190 4657 4871 4191
 4889 4192 4512 4926 4193 4525 4963 4194 4335 4512 4195 5131 4196 4197 4745 5189
 4198 4199 4200 4201 4203 4257 4201 4257 4202 4261 4203 4258 4261 5058 4204 5007
 5274 4205 5178 5179 4206 4658 4207 4210 4212 4208 4209 4210 4211 4213 4211 4212
 4213 4213 4493 4667 4214 5284 5285 4215 4749 4825 4842 4216 4701 5261 5262 4217
 4766 4218 4720 4881 5236 4219 4220 4221 4222 4223 4542 4802 4911 4224 4225 4339
 4624 5181 4226 4355 4227 4809 5124 5125 4228 4340 4229 5103 4230 4231 5151 5152
 4232 4953 4233 4579 4234 4293 4933 4235 4514 4236 4845 4906 4908 4237 4432 4979
 4987 4238 4239 4645 4881 4882 4240 4963 4241 4709 4242 4243 4779 5242 4244 5172
 4245 4475 5226 4246 5299 4247 4969 5083 5085 4248 4249 4250 4251 4746 4252 4253
 4481 4254 4604 4255 4519 4256 4643 4877 4946 4257 4258 4259 4694 4260 5140 4261
 4262 4263 4264 4670 4265 4266 5086 4267 4968 4969 5085 4268 4315 4269 4820 5092
 4270 4271 4589 4272 4784 4785 4790 4273 4414 4681 4845 4274 4898 4275 4511 4276
 4277 5292 4277 4665 4278 5195 5223 4279 4280 4958 5029 4281 4311 4497 4567 4617
 4701 4282 4408 4410 4283 4627 4628 5235 4284 4498 4285 4931 4286 4439 4554 4287
 4474 4288 4289 5055 4290 5046 4291 4681 4697 4292 4526 5272 5277 4293 4294 4295
 4455 4615 4822 5028 4296 4868 4297 4391 4298 5227 4299 4563 5039 4300 4301 5148
 4302 4303 4527 4990 4304 4747 4961 4305 4306 4307 5120 4308 4703 4309 4960 4310
 4940 5282 4311 4497 4567 4616 4617 4701 4312 5156 4313 5009 4314 4315 4316 4317
 4331 4318 5009 4319 4675 4320 4535 4321 4734 4969 4322 4323 4840 4324 4434 4325
 4378 4527 4326 4595 4727 4759 4895 4896 4327 4930 4939 5199 4328 5129 5130 5131
 4329 5143 5278 5279 4330 4847 4331 4506 4332 4333 4334 4589 4335 4336 4907 4337
 4367 4867 4338 5062 5148 4339 4625 5189 4340 4341 4342 4634 4635 4343 4935 4344
 4682 4345 4806 4965 5015 5017 4346 4347 4347 4348 4926 4349 4350 5023 5024 4351
 4352 4353 4957 4354 4780 4986 4355 4501 4738 4919 4356 4357 4358 4359 4470 5143
 4360 5094 5218 5219 4361 5051 4362 4839 4363 4734 4942 5081 4364 4991 4365 4719
 4366 4831 4367 4867 4368 4369 4370 4719 4371 4372 4373 4803 4374 4925 4926 5149
 4375 4376 4417 4907 4376 4417 4913 4377 4381 5126 4378 4379 4527 4379 4380 4381
 4527 4382 4529 4822 4959 4383 4614 4834 4384 4791 4385 4691 4386 4754 5000 5229
 4387 4875 4388 4803 4389 4618 4390 4391 5104 4392 4393 4394 4394 4395 4396 4397
 4397 4398 4804 5195 5216 4399 4836 4837 4400 4652 4401 4709 4402 4403 4533 4818
 4404 4405 5118 4406 4565 4846 4407 4634 4408 4409 4410 4411 4412 5063 4413 4796
 5045 4414 4845 4415 4416 4417 4418 4842 4419 5001 5143 5263 4420 4798 4818 4421
 5281 4422 5056 4423 5195 5196 4424 4821 4425 5080 4426 5166 4427 4428 5268 4429
 4754 5000 5123 4430 4530 4925 5151 4431 5036 4432 4976 4433 4819 4921 5161 4434
 4712 4713 4946 4435 4997 4436 4495 4437 5159 4438 4915 4439 4554 5242 4440 5255
 5258 4441 4582 5025 5026 4442 4691 4443 4444 4707 4979 4984 4445 5202 5203 4446
 4447 5297 4448 4685 4449 5224 4450 4451 4732 4452 4922 4453 4742 4454 4455 4529
 4960 4456 4457 4725 4976 4978 4458 4459 4591 4460 5106 5107 4461 4475 5224 4462
 5109 4463 4464 4797 4956 4465 5127 4466 4467 4708 5075 4468 4510 4469 5264 4470
 4983 4471 4472 5127 4473 5081 5277 4474 4887 4475 5224 5225 5230 4476 4477 4478
 5182 4479 4480 4481 4482 5198 4483 4998 4484 4485 4720 4486 5223 4487 4488 4767
 5215 5219 4489 4899 4993 4490 5285 4491 4557 4863 4864 4865 4914 4492 4971 4493
 5057 4494 4495 4739 5156 4496 4497 4567 4616 4617 4498 4499 4500 4501 4502 4737
 4503 4504 4505 4761 4885 5036 4506 5300 4507 4508 5193 5194 5218 4509 4647 4851
 4510 4511 4511 4512 4513 4672 5121 4514 4515 4516 4761 4885 4517 4904 4518 4519
 4902 5218 4520 4680 4521 4522 4523 4798 4818 5206 4524 4525 4526 5272 4527 4528
 4825 4529 4958 4959 5029 4530 4925 5153 4531 4532 4533 4818 4534 5087 4535 4957
 4536 4580 4537 4686 5171 4538 4792 4539 4713 4540 4943 4541 5275 4542 4543 5160
 4544 4545 4903 4546 4547 5170 4548 4645 4549 4550 4551 4768 4552 5135 5237 4553
 5064 4554 5176 4555 4556 4708 4557 4558 4559 4560 4902 4561 5173 4562 4563 4564
 4765 4565 4566 4567 4616 4617 4701 4568 5069 4569 4570 4571 5076 5112 4572 4780
 4974 4977 4573 4574 4627 4575 4858 4576 4577 4578 4650 4579 4580 4861 4581 4582
 5025 5026 4583 4799 5158 4584 5094 5168 4585 5183 4586 4844 4587 4737 4588 4589
 4590 5060 5061 4591 4670 4592 5114 4593 4936 4937 4594 5283 4595 4759 4894 4895
 4896 4965 4966 4596 5232 5233 4597 5222 4598 4832 4599 5055 4600 4601 4602 4603
 4737 4604 4605 4670 4606 5006 4607 4609 4608 4609 4651 4610 5190 4611 4612 5219
 5220 4613 4614 4615 4959 5024 4616 4617 4617 4701 4618 4619 4620 5257 4621 4622
 4623 4624 5180 5181 4625 5181 4626 4718 5177 4627 4628 4628 4629 5019 4630 5118
 4631 4830 4632 4633 5064 5065 4634 4635 4635 4636 4636 4637 5068 4638 4662 4777
 4639 4640 4641 4919 4642 4643 4877 4644 5233 4645 4646 4647 4647 4648 5113 4649
 4650 4651 4652 4653 5252 4654 4918 4655 5052 4656 4657 4658 4659 4660 4661 5141
 4662 5032 4663 5073 4664 4665 4666 4667 4668 4917 4943 4669 4670 4671 4672 5227
 4673 4935 5126 4674 4675 5065 4676 4677 5001 4678 4773 4679 4998 5137 4680 4681
 4697 4682 4683 4684 4685 4686 5171 5204 4687 4688 4951 4953 4689 4690 5018 5019
 4691 4692 5258 4693 4694 4695 5086 4696 4786 4788 4697 4907 4698 4699 4904 4700
 4701 4702 4703 4986 4704 4745 5182 5191 5192 4705 4706 4984 4707 4803 4708 4995
 4996 4709 4730 4710 4731 4711 4712 4713 4713 4714 4715 4716 4717 4848 4717 4848
 5292 4718 5177 4719 4720 4721 4772 4722 4723 4880 4724 4903 5038 5133 5268 4725
 4976 5066 4726 4830 4727 4759 4896 4967 4728 5208 4729 4730 4731 4732 4733 4906
 4910 4733 4734 5080 5142 4735 4737 4736 4737 4738 4739 4859 4740 4741 5085 5277
 4742 4743 4744 4745 5190 4746 4747 4961 4748 4749 4827 4840 4843 5150 5151 4750
 4888 4751 4752 4753 5121 4754 4755 5127 4756 4757 4758 4759 4965 4966 4760 4761
 4762 4763 4894 4895 4764 4765 5106 4766 5041 4767 5005 5179 4768 4769 4770 4771
 5071 4772 4874 4773 4774 4775 4776 4777 4778 4779 4780 4781 5040 5172 4782 4783
 4784 4785 4785 5275 4786 4787 4788 4789 4790 4790 4791 4792 4901 5196 4793 4794
 4870 4871 4899 4795 4796 4797 4798 4799 4800 4801 4802 4914 4803 4804 4805 4806
 5016 5018 4807 4808 5058 4809 4810 5065 4811 4968 5084 4812 4872 4997 4813 5112
 4814 4815 4816 4817 5132 5195 4818 4819 4973 4820 4989 4821 4822 5024 4823 4824
 4825 4826 4827 4828 4829 4830 4831 4831 4832 4833 4834 4835 4836 4837 4838 4839
 4840 4841 4844 4842 5153 4843 4844 4845 4846 4846 4847 4848 4849 4850 4850 4851
 4852 4853 4862 4854 5214 4855 4856 4920 4857 4858 4975 4976 4859 4860 4861 4861
 4862 4863 4864 4864 4865 4866 4867 5150 4868 5022 4869 5015 5017 4870 4873 4871
 4872 4899 4872 4873 4874 4875 5072 4875 5073 4876 4877 4878 4879 4880 4881 4882
 4882 4883 5089 5092 5093 4884 4885 4886 4887 4888 4889 4890 4891 4892 4893 4894
 4895 4895 4896 4896 4967 4897 5025 4898 5290 5300 4899 4900 4901 4902 5177 4903
 4904 5096 4905 5097 5216 4906 4907 4907 4908 4909 4910 4911 4912 4912 4913 4914
 4915 4916 4917 4944 4918 4919 4920 4921 4922 4923 4924 4924 4925 5183 4926 4927
 4928 4929 5145 4930 4931 5113 4932 5078 5112 4933 4934 5152 4935 4936 4937 5084
 4938 4939 5197 4940 4941 5177 5189 4942 5271 4943 4944 4945 4946 4947 4948 4948
 4949 4950 5154 4951 4952 4953 4952 4953 4954 4955 4962 5058 5105 4956 4957 4958
 4959 4960 4961 4962 4963 4964 5240 4965 4966 4966 5014 4967 4968 5143 5271 4969
 5142 4970 4971 4972 4973 4974 4975 4976 4977 4978 4979 4984 4980 4981 4982 4983
 4984 4985 4986 4987 5240 4988 5092 4989 4990 4991 5291 5292 4992 4993 4994 4995
 4995 4996 4997 4998 4999 5146 5151 5000 5123 5229 5001 5262 5002 5128 5003 5004
 5004 5005 5006 5007 5008 5009 5009 5010 5011 5201 5012 5013 5014 5015 5016 5016
 5017 5018 5019 5019 5020 5021 5022 5023 5024 5025 5026 5026 5027 5028 5065 5262
 5028 5029 5029 5030 5109 5031 5032 5033 5034 5174 5035 5036 5237 5037 5038 5133
 5039 5040 5041 5082 5084 5270 5271 5274 5042 5043 5194 5044 5045 5103 5046 5197
 5047 5048 5049 5049 5050 5051 5052 5258 5053 5054 5055 5056 5057 5058 5059 5060
 5061 5062 5063 5064 5065 5066 5067 5068 5069 5070 5071 5072 5073 5074 5075 5076
 5076 5077 5078 5079 5080 5081 5081 5082 5083 5084 5085 5277 5086 5087 5088 5088
 5093 5089 5090 5091 5092 5093 5094 5095 5095 5096 5220 5097 5098 5099 5100 5101
 5102 5102 5103 5104 5105 5106 5107 5108 5109 5110 5111 5112 5113 5114 5115 5116
 5117 5118 5118 5119 5119 5120 5121 5122 5123 5124 5125 5126 5127 5282 5128 5129
 5129 5130 5131 5132 5133 5134 5134 5135 5135 5136 5137 5138 5139 5140 5140 5141
 5141 5142 5143 5144 5145 5146 5197 5146 5147 5148 5149 5150 5151 5152 5153 5154
 5155 5156 5157 5158 5248 5159 5160 5175 5161 5162 5163 5164 5165 5166 5167 5168
 5169 5170 5171 5172 5173 5174 5174 5175 5176 5177 5178 5178 5179 5180 5181 5182
 5183 5184 5185 5186 5197 5187 5266 5188 5189 5190 5190 5191 5191 5192 5193 5194
 5196 5194 5195 5196 5196 5197 5198 5238 5199 5200 5200 5299 5201 5202 5203 5204
 5205 5206 5207 5207 5208 5209 5210 5211 5211 5212 5213 5214 5268 5215 5216 5216
 5217 5218 5219 5220 5220 5221 5221 5222 5222 5223 5224 5225 5225 5226 5227 5227
 5228 5229 5230 5231 5232 5233 5234 5235 5236 5255 5237 5238 5239 5240 5241 5242
 5243 5244 5245 5246 5247 5248 5249 5250 5250 5251 5251 5252 5253 5254 5255 5256
 5257 5258 5259 5260 5261 5262 5262 5263 5263 5264 5264 5265 5266 5267 5268 5269
 5270 5271 5272 5273 5274 5274 5275 5276 5277 5278 5279 5279 5280 5281 5282 5283
 5283 5284 5285 5286 5287 5288 5289 5289 5290 5291 5292 5293 5294 5295 5296 5297
 5298 5299 5300                                                                 
