32,38,41,54,92,102,105,106,115,
117,118,134,136,139,150,152,154,165,167,
182,195,219,232,239,246,248,270,271,275,
283,287,297,300,303,312,314,316,333,362,
369,393,420,437,459,466,468,479,482,499,
504,505,511,514,531,534,541,543,546,562,
568,574,581,587,595,596,599,600,604,611,
612,616,623,626,633,636,639,641,653,656,
659,660,680,690,710,715,721,734,735,743,
744,762,763,766,768,801,804,823,833,856,
857,871,873,881,886,893,895,930,933,934,
944,946,947,951,952,962,969,970,972,977,
978,981,982,986,988,989,1002,1004,1019,1029,
1033,1038,1040,1060,1063,1064,1066,1067,1097,1101,
1104,1129,1138,1141,1157,1174